10
318 163 208
203 198 61
113 204 16
120 101 17
93 202 25
151 216 74
244 186 93
134 259 24
50 58 70
159 31 64
231 227 97
226 235 47
16 51 20
68 239 70
192 70 68
169 98 92
25 39 59
56 59 54
143 109 73
55 259 99
139 35 87
188 130 67
229 247 1
97 112 82
30 191 51
102 100 4
106 113 49
37 48 46
1 230 75
47 224 7
69 234 77
33 118 94
229 16 41
64 224 50
161 110 52
141 256 60
263 87 77
63 248 20
107 83 78
100 141 1
185 148 79
196 90 47
208 161 24
157 151 39
208 181 99
244 0 51
198 186 41
123 136 56
64 76 85
32 80 50
24 218 52
151 20 42
59 201 82
232 173 54
48 85 20
154 120 87
50 130 28
44 93 84
159 106 9
217 88 80
34 59 37
105 66 35
2 8 29
135 101 44
183 213 72
133 252 45
122 196 73
248 60 36
91 259 95
90 147 93
161 30 12
172 84 31
249 188 16
101 177 49
82 251 19
72 226 4
195 39 33
24 52 25
260 71 89
168 130 73
191 101 2
101 69 79
99 87 24
235 95 19
189 149 39
201 95 1
83 132 31
131 177 45
210 164 17
36 192 1
52 90 60
2 74 66
105 33 13
131 142 67
6 10 31
161 28 56
185 169 29
7 83 79
124 241 93
262 213 65
253 160 46
12 218 1
54 259 16
56 258 74
40 92 14
42 37 22
123 181 73
108 74 72
247 58 13
194 237 47
227 65 55
209 72 76
37 186 4
57 172 82
149 204 89
149 253 1
158 90 59
193 11 51
229 186 14
66 190 89
229 130 14
131 28 33
135 159 70
249 15 88
190 125 88
32 29 48
130 144 57
25 226 67
238 31 89
136 96 77
195 160 5
253 243 17
106 143 64
235 245 79
193 238 33
155 61 8
94 4 67
209 80 20
24 176 27
129 114 20
176 65 16
36 87 34
202 38 47
44 239 36
179 146 44
221 242 85
36 252 33
60 65 62
181 211 95
224 22 40
89 153 71
168 117 14
26 170 32
110 57 43
89 257 70
263 213 98
259 263 93
241 212 45
42 31 22
245 149 31
20 230 99
52 167 17
123 145 29
14 86 55
112 89 62
169 228 7
142 190 99
217 217 13
132 23 60
242 17 98
87 47 97
186 242 83
217 222 14
62 13 3
205 190 90
216 115 43
66 181 71
83 20 41
247 258 91
152 33 6
54 107 51
204 61 43
144 23 92
14 244 87
77 36 10
63 26 51
166 104 28
152 68 29
175 51 16
20 115 36
86 172 59
208 148 54
119 115 20
24 153 38
144 90 32
215 139 87
160 137 55
187 259 5
73 247 15
61 47 76
231 36 53
242 6 91
211 68 98
250 62 37
81 96 86
92 259 3
17 223 53
70 50 11
152 51 6
90 172 11
213 58 88
216 224 14
162 184 76
126 188 93
91 105 15
92 205 78
5 182 96
105 11 87
182 55 27
207 2 12
155 104 6
189 164 4
136 144 79
231 25 64
238 153 25
230 99 6
31 172 12
159 38 99
105 217 42
127 72 24
72 76 29
261 161 43
105 30 66
58 253 1
56 102 35
223 33 22
171 23 94
68 47 45
260 56 7
209 217 56
172 183 8
20 163 51
57 161 17
100 196 32
62 173 80
101 117 74
129 224 3
93 109 22
153 65 93
124 249 77
125 62 73
40 12 46
49 1 22
127 48 45
116 253 58
1 137 61
229 219 96
21 133 18
95 207 50
264 220 14
4 38 95
81 172 19
94 214 34
100 108 4
112 237 77
225 53 41
67 220 31
216 63 19
61 186 1
168 97 68
156 44 5
144 220 57
6 60 43
177 47 55
141 189 78
191 78 23
145 53 24
232 63 66
12 25 18
181 254 53
232 29 96
20 178 44
46 204 51
133 184 29
135 264 54
182 165 27
234 32 77
61 49 75
183 68 48
139 200 27
44 113 32
79 92 7
262 96 7
260 62 58
239 212 56
213 118 28
217 59 59
128 125 56
45 240 57
197 113 49
20 184 13
70 228 81
72 76 25
112 7 89
3 16 70
261 14 80
157 207 80
156 127 23
76 170 17
64 18 85
180 24 44
242 168 72
189 239 73
0 153 6
97 109 72
0 238 13
72 159 81
83 96 90
233 128 16
310 51 13
21 18 41
124 105 76
58 116 13
84 128 100
26 14 47
8 95 85
35 93 1
6 73 67
37 13 55
98 47 94
109 88 34
82 48 67
67 112 8
136 103 70
136 83 67
60 46 17
65 71 28
23 110 61
53 3 92
113 102 1
18 84 19
81 95 33
87 4 94
99 66 78
28 115 96
124 93 46
107 130 93
37 123 48
110 11 17
131 116 97
68 133 40
103 63 42
48 49 62
3 21 98
103 14 43
30 118 96
101 121 82
116 67 13
118 5 60
12 113 46
20 0 80
38 83 59
29 6 41
102 0 13
92 93 67
103 109 23
47 121 40
117 27 19
29 93 57
113 35 44
40 64 69
65 44 62
48 44 22
108 97 14
32 88 34
93 85 71
17 124 43
97 86 49
53 17 32
137 14 59
59 106 50
45 94 28
47 45 75
30 116 26
91 26 45
12 112 93
129 26 15
104 38 70
68 33 89
33 50 36
0 132 99
33 34 63
66 69 40
128 47 18
83 118 53
1 42 86
115 30 12
63 137 28
18 133 50
120 100 60
32 52 42
65 35 49
94 126 8
53 98 39
76 32 55
132 116 96
11 20 5
62 132 30
35 64 29
115 44 6
61 29 15
29 34 44
83 98 90
25 56 80
61 17 76
125 2 30
75 40 74
126 89 88
100 124 82
62 28 36
10 59 29
111 84 29
56 134 30
37 12 36
132 101 13
86 117 72
108 120 50
4 122 84
34 33 2
131 81 17
72 32 65
19 51 43
32 106 5
81 74 65
72 96 23
54 59 85
137 77 45
28 24 26
103 51 67
81 18 23
53 41 96
78 119 39
20 85 16
16 25 19
113 85 29
77 25 28
1 97 25
108 108 53
91 36 66
12 6 95
108 116 8
133 7 75
82 89 49
82 7 6
125 103 79
25 95 26
108 119 55
36 54 61
18 115 34
78 35 35
22 79 66
73 105 16
77 127 70
97 46 81
120 130 35
9 11 7
93 26 77
79 101 45
9 17 90
65 83 42
29 54 88
86 24 66
105 95 25
109 17 16
46 90 55
126 83 20
97 71 7
120 133 50
62 56 31
20 4 93
128 35 2
20 58 21
121 70 35
103 81 3
137 91 30
77 101 100
112 87 5
65 45 31
84 56 72
29 61 43
125 20 100
68 129 56
136 100 68
30 137 90
60 96 42
108 66 42
85 88 99
40 101 24
112 39 64
81 47 34
6 19 73
53 41 53
40 16 62
2 88 36
59 45 74
67 47 67
117 56 77
105 120 23
5 135 34
86 47 91
31 116 1
28 80 60
73 123 89
6 104 55
99 55 19
84 18 8
105 125 27
27 105 61
100 90 3
45 29 55
15 13 48
128 105 72
80 131 35
37 72 96
9 132 29
115 32 62
8 118 45
76 96 98
137 11 51
41 103 39
3 121 37
46 99 60
61 77 12
119 38 17
1 24 2
22 16 81
24 97 38
119 8 18
9 120 74
120 69 32
60 16 15
70 20 86
18 107 9
10 136 15
93 26 17
91 44 77
34 135 89
119 33 46
38 86 53
58 46 57
24 125 11
136 75 27
99 64 70
133 19 25
25 62 40
40 96 51
13 33 62
103 20 68
120 130 81
33 31 5
1 4 61
1 60 16
98 16 30
128 72 94
91 56 51
108 130 27
9 112 2
99 128 55
25 86 15
7 72 82
59 98 81
118 102 46
1 124 56
114 59 90
100 135 17
117 104 14
73 87 55
49 100 18
45 2 44
113 2 35
48 11 89
22 73 87
30 71 51
93 46 68
77 112 52
118 38 26
126 137 34
43 73 97
29 46 85
118 33 12
84 47 17
109 117 68
128 3 88
127 114 48
40 132 91
28 125 50
37 28 69
18 92 39
55 30 52
72 63 47
52 14 55
115 15 89
130 19 25
8 18 80
51 62 22
21 122 33
136 90 7
16 62 100
11 10 9
131 97 2
101 21 89
92 36 36
22 5 54
33 95 27
29 126 6
109 136 10
23 82 87
96 105 57
118 85 8
116 60 70
125 118 42
14 132 8
110 125 71
15 120 43
4 100 4
39 34 64
103 122 62
86 45 98
108 128 57
107 111 68
324 125 109
107 104 86
154 93 46
75 102 87
23 54 18
146 68 55
18 24 12
99 126 30
62 0 57
67 62 61
147 74 39
153 111 26
134 64 32
41 93 80
139 41 52
25 106 29
127 161 38
79 83 14
11 101 92
28 96 23
10 83 29
112 105 7
86 22 47
74 120 95
127 48 55
12 28 20
119 47 21
16 23 61
6 77 78
49 89 37
118 25 24
7 80 46
92 2 14
4 134 59
37 3 5
67 42 66
0 110 72
60 81 69
124 151 77
18 8 13
37 61 14
11 66 70
71 136 46
2 49 84
100 39 32
119 76 30
47 71 73
6 32 48
79 141 30
31 136 89
107 87 24
34 72 2
84 77 23
76 77 61
86 70 60
116 94 13
156 119 86
157 75 95
34 101 23
154 82 24
58 149 42
8 99 17
154 61 1
81 138 88
156 30 23
149 60 62
52 67 15
14 153 63
130 154 66
114 157 46
123 11 43
145 139 45
87 160 68
128 38 90
111 135 60
129 159 84
112 69 70
150 142 26
20 85 79
58 48 46
87 158 95
1 76 15
39 62 97
141 64 96
49 112 12
32 138 53
137 13 13
6 157 84
143 111 37
90 10 43
60 6 46
108 96 78
141 103 63
137 78 28
75 64 38
53 127 90
28 124 79
5 88 84
153 57 78
124 1 94
75 128 80
88 46 74
113 21 17
106 78 21
108 77 99
50 4 49
31 80 83
129 153 67
53 53 86
18 112 20
95 1 58
97 136 95
49 56 27
121 52 24
92 33 54
106 98 89
116 22 62
114 65 12
110 51 52
105 98 79
89 92 64
41 116 15
153 103 55
14 56 54
46 65 27
78 84 10
137 129 96
27 79 34
77 161 61
118 70 66
62 71 89
4 121 40
84 147 6
141 95 81
48 16 4
121 8 100
151 156 86
7 78 15
161 153 67
29 118 16
2 119 96
75 18 35
19 52 51
75 126 1
40 19 54
59 45 79
130 52 71
97 121 52
73 94 96
80 161 7
26 96 82
25 96 12
63 12 25
19 56 91
137 136 98
5 82 96
90 116 61
65 73 97
17 96 58
68 27 4
44 85 42
10 3 11
73 142 39
80 27 9
34 81 5
62 96 51
56 116 56
112 11 22
67 29 83
42 122 29
19 148 1
127 59 8
108 110 28
73 58 100
141 140 14
94 89 19
115 118 27
21 5 85
54 10 19
47 20 7
17 3 78
52 74 95
94 63 22
34 121 42
123 124 89
69 11 49
49 23 84
65 145 97
72 10 90
39 89 27
60 114 75
54 156 53
46 159 28
107 76 49
151 10 27
27 33 28
90 7 19
150 69 40
141 101 55
9 128 3
81 108 66
39 18 64
5 58 9
154 6 4
131 57 96
96 62 16
87 40 72
77 137 85
146 86 31
32 81 43
162 35 72
136 59 21
152 100 38
11 0 33
22 118 11
100 157 2
59 18 4
56 99 16
1 158 86
41 127 100
26 157 14
126 148 45
24 145 1
93 142 56
59 98 26
123 107 81
116 108 10
14 117 80
121 62 86
128 155 49
18 153 70
58 102 21
0 95 73
16 95 55
129 33 5
155 112 64
145 128 9
65 58 5
110 39 23
39 119 63
74 7 95
78 32 67
27 59 42
30 153 23
129 60 62
2 46 57
131 45 45
59 156 19
109 98 2
93 113 99
80 4 53
56 106 43
104 96 82
133 34 27
1 16 14
18 54 65
102 137 100
112 108 47
147 110 34
46 52 21
65 50 14
95 55 95
2 121 22
23 146 85
66 12 98
140 162 60
20 112 56
158 74 15
162 64 95
101 56 27
53 55 52
112 104 61
13 131 47
103 73 38
35 144 86
24 28 88
26 156 86
52 152 67
13 161 97
89 98 45
124 3 99
71 103 82
137 55 91
33 38 31
29 99 53
149 17 77
75 142 27
28 161 93
47 112 39
115 15 51
20 43 51
9 150 50
48 87 22
43 4 36
114 50 48
52 140 16
151 61 12
107 19 81
0 117 88
4 6 36
20 105 34
75 140 1
85 80 26
10 54 29
132 12 85
107 89 2
89 41 73
161 139 97
159 33 77
114 144 49
160 143 73
8 5 6
81 61 92
69 27 15
147 133 93
52 104 64
108 141 90
153 92 55
95 35 68
142 60 58
158 48 38
157 70 84
105 83 45
25 98 52
6 143 89
439 77 63
32 53 66
23 84 73
57 33 16
10 39 23
49 40 37
17 82 62
39 35 72
76 0 27
23 40 69
79 12 22
55 44 76
71 1 47
55 39 12
7 1 2
15 28 83
32 61 69
18 28 71
40 32 86
10 24 24
26 17 8
67 79 1
37 57 96
76 45 29
22 62 2
18 11 23
78 1 18
50 3 48
49 55 44
41 73 96
37 48 2
47 5 68
21 2 20
2 36 71
39 65 40
12 0 93
23 2 26
21 38 47
57 68 6
16 44 3
58 37 53
82 62 87
73 10 83
72 24 23
23 7 6
46 18 40
7 68 98
25 81 78
51 59 42
56 53 44
81 35 35
54 20 46
24 68 82
57 16 69
42 20 36
84 67 45
68 19 89
39 75 51
22 58 94
5 62 77
22 12 15
83 8 65
28 26 53
13 43 9
34 82 83
65 24 23
17 41 20
40 46 15
44 57 66
61 56 71
52 64 84
54 77 12
7 75 5
61 8 24
41 66 73
44 27 65
29 27 13
71 32 69
31 3 3
74 37 57
20 63 55
15 59 98
33 64 87
66 15 37
17 70 71
76 31 99
28 78 70
74 31 2
7 12 10
82 28 71
39 62 26
30 52 52
38 83 33
44 37 81
23 69 59
39 51 24
10 64 49
27 48 34
8 23 94
15 75 61
50 68 3
56 67 75
8 45 54
32 40 31
8 22 97
74 9 44
48 57 92
13 63 66
19 51 38
72 42 79
17 60 40
47 69 90
63 46 42
75 71 25
82 66 8
60 24 79
67 67 82
75 44 41
47 12 44
20 24 2
12 10 52
33 76 94
31 1 7
56 67 36
62 59 28
74 57 34
53 44 33
1 4 86
29 28 100
35 29 48
21 16 7
3 55 28
16 12 81
25 70 67
9 23 62
33 64 61
73 23 29
48 40 45
69 25 86
78 20 44
32 16 65
45 64 58
17 7 91
24 71 35
17 59 63
19 33 5
78 73 8
50 39 23
25 61 75
67 39 85
76 16 23
6 43 28
18 59 40
84 47 33
2 40 78
12 32 67
54 84 48
39 51 90
9 55 84
50 20 17
58 14 89
3 65 57
33 77 98
48 36 42
66 10 27
1 63 26
34 53 27
22 78 94
41 38 36
30 4 13
47 6 85
62 52 81
1 64 95
40 22 100
54 26 51
84 13 37
54 44 69
75 57 26
83 13 63
67 69 38
75 37 12
24 40 40
41 44 89
38 23 59
35 60 40
14 5 67
37 74 14
81 60 57
84 17 46
12 54 85
60 32 6
45 77 66
26 1 12
78 30 86
0 51 93
42 58 12
39 28 98
27 7 38
62 48 37
72 32 62
62 36 66
44 17 87
74 37 86
22 27 31
83 70 95
6 21 62
24 21 90
20 30 68
10 53 93
66 81 88
25 63 69
77 39 61
25 52 35
60 43 14
50 46 16
49 8 93
76 22 33
57 18 61
77 53 95
71 6 28
7 80 12
25 40 81
27 82 30
55 61 42
80 3 76
73 59 4
78 56 93
50 6 55
49 28 43
22 83 51
7 73 15
23 33 60
39 78 43
27 4 18
38 59 38
12 26 92
80 61 52
56 2 55
2 51 47
31 26 55
45 61 38
72 76 37
41 10 94
12 49 14
23 28 55
7 32 48
40 33 53
43 55 45
26 53 19
78 28 46
15 79 57
58 26 21
68 7 31
15 81 98
26 20 6
36 84 85
10 45 13
37 23 45
42 83 53
15 51 10
23 3 35
12 53 25
53 41 22
6 29 57
11 9 39
55 23 23
16 26 74
40 71 68
80 3 48
17 38 57
69 24 40
72 1 1
82 5 2
29 53 57
21 62 24
83 2 5
66 47 80
5 6 35
2 22 84
46 3 35
46 83 87
71 43 40
12 17 84
25 37 60
11 57 98
33 80 11
29 52 56
1 3 31
70 37 9
35 14 61
62 26 19
23 12 14
60 68 22
21 42 92
37 18 42
77 32 99
44 8 75
17 15 37
57 65 85
81 54 7
50 16 19
54 57 62
60 71 49
39 19 49
13 14 60
35 63 93
3 82 45
6 53 97
47 53 95
75 20 74
10 52 99
7 74 88
84 10 64
14 8 18
16 43 66
62 38 62
3 40 33
13 12 99
5 13 83
9 38 68
61 41 69
37 21 28
43 4 40
29 27 68
35 2 85
5 82 94
72 9 98
15 26 35
18 5 27
40 25 88
74 55 13
60 20 98
74 16 2
29 34 96
41 31 96
63 38 18
58 15 9
35 66 40
51 20 74
53 68 3
80 37 81
33 66 78
51 63 84
34 49 37
3 55 8
78 34 37
18 83 57
10 67 12
33 83 35
66 42 11
59 60 34
4 42 41
12 37 95
16 38 92
28 43 51
15 56 33
68 75 69
69 76 40
4 78 89
68 66 20
25 38 28
84 50 22
75 52 20
33 76 98
62 56 69
59 84 46
24 39 73
25 43 28
4 20 69
20 76 22
4 22 17
20 18 4
77 2 79
82 32 35
31 13 61
25 21 33
71 42 5
2 33 84
62 76 71
33 47 79
47 3 35
74 18 85
74 23 92
61 6 15
25 39 14
36 54 33
39 79 35
62 47 58
48 56 56
18 14 70
30 16 14
71 75 96
68 72 1
24 76 51
79 15 94
22 82 19
6 73 51
69 73 45
26 20 1
73 27 81
59 66 76
29 57 12
69 28 33
65 19 41
31 70 32
66 8 58
33 62 4
48 13 77
28 78 97
9 4 57
50 35 33
24 60 36
10 58 26
50 8 34
17 73 94
26 74 8
2 78 75
82 53 25
84 17 14
62 4 33
40 24 78
17 54 72
39 76 26
68 44 78
27 2 2
53 13 38
49 5 60
37 46 56
5 79 25
6 60 83
44 41 60
1 0 71
56 17 42
13 77 32
58 25 33
38 67 71
84 27 11
45 1 94
69 23 85
3 77 6
485 48 115
16 16 66
8 116 21
101 132 72
98 73 39
61 111 47
66 50 50
85 119 84
88 124 96
99 54 75
130 17 15
138 74 46
127 64 85
0 88 98
125 51 6
9 60 57
46 73 80
84 104 82
79 79 51
84 4 28
4 92 26
131 27 35
23 35 19
108 74 76
108 88 13
81 13 64
74 21 1
87 94 72
136 50 97
115 110 37
9 20 40
85 127 96
71 52 16
132 102 73
15 9 14
43 130 78
135 31 88
120 31 41
120 99 62
64 126 30
84 67 2
58 1 76
22 63 32
7 34 54
110 77 6
86 30 77
17 23 27
110 38 75
41 114 18
32 27 85
12 107 27
131 54 57
77 83 46
43 3 81
103 13 38
93 86 3
47 115 3
93 62 59
107 124 32
120 71 50
37 70 8
91 109 46
15 23 16
11 35 95
8 66 65
136 137 24
120 33 9
15 34 46
105 56 95
23 0 11
82 15 13
71 44 54
89 59 15
102 0 73
30 101 16
34 111 100
67 40 42
34 26 94
104 20 76
86 68 21
59 103 55
46 37 62
38 138 94
27 119 69
123 91 29
109 75 7
138 78 44
46 15 97
12 33 13
136 35 82
19 50 90
66 79 28
23 84 34
24 55 13
90 96 2
125 2 99
31 99 17
82 43 73
99 113 15
0 35 55
66 26 21
33 75 32
44 86 35
100 77 11
85 11 40
135 137 44
51 136 41
66 11 4
35 135 40
54 136 42
117 67 76
24 104 23
75 1 98
106 18 9
126 8 96
117 124 38
138 100 39
88 1 86
32 26 53
90 101 64
28 86 53
102 42 57
11 38 11
90 137 44
89 107 6
113 101 52
61 41 85
21 134 5
56 125 88
27 103 21
0 5 90
62 74 41
137 48 78
40 41 8
57 125 17
125 18 100
34 119 24
82 112 64
88 116 22
118 92 41
131 62 87
82 70 30
83 88 64
22 29 5
112 20 55
127 77 48
97 21 38
86 122 13
13 5 91
49 124 41
65 136 53
42 54 72
57 32 88
53 7 81
37 27 5
104 91 79
104 97 43
41 112 65
97 85 79
55 12 65
66 25 39
1 118 79
33 7 69
45 74 36
34 42 57
40 102 14
29 52 53
33 31 35
19 19 44
32 101 42
7 4 94
68 95 68
112 126 84
124 104 50
122 38 81
81 9 21
86 68 75
63 132 70
16 62 72
65 56 64
81 127 51
105 40 87
131 28 37
126 36 96
71 18 33
82 88 38
114 2 13
34 85 82
36 52 27
48 131 83
70 28 51
134 48 26
78 71 95
15 23 97
9 132 39
60 85 28
130 102 88
122 10 75
22 10 77
138 13 94
31 46 30
36 70 89
34 62 76
82 8 34
44 108 11
54 86 7
16 129 73
53 125 99
126 136 62
111 26 51
45 4 36
124 138 92
119 132 47
70 107 46
71 27 8
112 118 50
106 78 12
115 119 72
21 43 46
117 101 74
0 25 52
111 131 88
60 60 7
106 2 92
96 133 20
41 64 58
126 26 44
97 57 30
115 72 40
8 17 52
13 45 77
56 116 97
39 103 67
17 83 69
71 137 34
116 72 1
12 90 80
105 138 68
38 109 5
3 51 97
40 108 85
123 132 86
73 92 35
0 26 81
57 24 86
55 102 46
54 41 28
93 35 58
117 82 92
33 120 65
132 109 83
90 115 65
80 55 92
61 85 88
33 26 66
124 43 52
34 54 80
60 105 81
12 40 59
48 26 66
67 54 13
91 43 70
106 16 52
122 43 65
55 60 24
71 129 89
10 66 35
24 138 33
131 44 20
30 7 95
99 138 30
41 21 83
46 85 85
69 57 33
8 104 31
118 13 26
33 115 52
10 12 1
130 76 48
23 112 83
53 111 48
78 119 71
84 100 31
81 40 48
88 61 26
57 103 16
116 29 49
74 137 76
6 14 82
64 45 56
53 109 28
136 14 13
79 44 89
25 78 47
56 104 32
95 17 85
113 108 38
42 57 91
78 123 9
96 98 78
27 40 77
25 36 95
68 40 59
127 134 15
66 22 79
54 92 29
30 122 59
129 76 10
109 105 82
56 131 99
69 128 53
56 8 85
54 27 97
75 110 92
74 62 3
22 121 18
110 117 47
129 102 54
14 1 23
120 72 35
21 135 30
132 84 20
14 10 84
98 133 34
25 104 75
36 133 43
70 124 11
100 125 2
46 124 13
110 0 52
80 104 69
70 103 23
130 58 6
85 107 14
69 19 74
48 59 73
122 120 53
106 111 22
71 138 32
131 84 59
135 134 74
16 82 13
7 76 16
96 104 61
9 60 62
52 12 61
74 24 19
46 138 73
116 27 74
19 17 50
23 118 67
57 78 43
122 60 63
45 66 62
43 18 12
116 118 24
108 62 77
102 13 47
41 108 56
102 24 48
134 71 78
138 104 76
0 24 45
76 84 55
26 109 60
20 6 88
50 67 21
64 132 7
68 112 90
91 130 8
5 6 11
103 76 17
44 58 72
103 25 37
125 76 70
62 117 14
20 129 76
45 97 33
96 22 99
111 16 45
85 130 32
54 18 46
64 9 77
91 127 49
122 21 89
96 105 74
40 14 19
118 1 72
96 66 72
42 7 53
14 24 75
19 7 62
96 83 63
99 133 43
106 67 34
4 47 81
105 68 22
53 37 51
94 99 12
71 40 17
35 33 99
34 55 1
102 112 99
73 96 75
11 138 73
13 112 77
36 67 38
106 58 89
125 89 24
14 33 63
104 92 43
21 4 72
65 66 91
137 84 53
12 32 53
33 37 82
6 115 94
89 32 96
109 57 21
84 58 48
92 99 43
111 20 74
111 106 91
107 78 72
87 116 87
121 21 7
107 73 3
40 117 44
55 94 91
117 70 69
75 106 90
81 29 59
77 138 25
32 71 31
72 42 17
113 18 93
105 72 28
31 104 50
131 113 29
68 88 38
45 45 10
45 85 1
66 119 85
57 86 94
45 95 76
32 121 85
64 36 47
90 40 67
133 15 87
136 89 68
123 107 72
58 87 25
48 131 29
120 28 72
130 89 32
29 119 42
32 75 61
106 131 45
65 6 78
95 10 81
48 113 21
96 27 41
69 50 73
36 116 7
116 117 28
106 64 75
102 9 79
53 120 1
73 7 34
52 97 96
95 138 6
83 14 16
125 116 52
80 105 64
107 137 50
56 92 76
31 35 37
59 87 100
79 3 34
120 72 22
123 87 23
73 56 69
27 129 51
96 3 30
73 103 42
118 29 29
356 285 254
211 2 31
105 115 69
227 113 8
109 298 69
249 129 59
120 24 80
188 83 43
41 292 71
199 33 25
113 291 54
239 104 99
135 90 82
100 10 39
144 51 91
256 218 61
47 34 8
175 231 49
78 234 37
14 222 45
84 110 75
292 185 58
84 241 18
108 183 24
6 169 66
264 193 97
0 189 26
136 149 42
170 191 78
9 225 34
249 281 74
275 4 21
128 198 19
59 99 5
63 272 3
7 59 53
243 173 67
152 194 78
35 90 84
116 211 84
191 111 42
80 23 37
155 235 75
70 274 7
33 37 47
175 19 82
272 107 69
232 185 61
38 267 25
206 21 33
288 160 95
181 21 39
124 203 100
123 144 32
132 1 66
2 192 37
127 230 98
105 120 65
182 92 50
227 119 32
209 140 15
8 296 18
137 181 9
184 124 8
161 50 50
224 122 12
276 257 50
283 225 7
35 136 36
213 249 50
277 248 98
77 268 57
129 157 47
231 263 53
261 107 31
162 178 69
92 4 13
111 96 56
78 197 98
195 183 33
86 118 7
144 240 74
273 243 28
42 237 25
112 176 7
251 207 36
105 95 45
86 6 97
92 192 63
120 285 52
196 266 94
170 74 29
232 165 69
256 105 91
164 146 23
107 94 74
89 127 20
27 76 24
278 252 54
118 61 33
263 59 64
194 288 59
140 185 93
223 66 20
43 128 64
24 139 46
3 113 83
103 24 88
78 10 72
122 1 92
125 226 2
143 6 74
226 6 87
12 182 29
286 61 5
48 85 6
52 10 23
229 227 48
42 107 75
257 116 50
145 188 27
205 38 99
175 195 29
26 141 27
159 241 9
121 177 57
259 160 14
254 54 33
163 117 21
148 158 54
296 213 31
279 13 30
10 24 35
137 288 37
152 170 64
28 244 29
1 188 63
221 128 68
186 178 92
199 186 99
22 173 55
223 293 5
128 63 74
88 148 86
40 295 90
264 39 8
148 156 66
179 118 50
261 37 91
200 107 57
23 148 88
218 112 45
253 164 90
229 24 98
201 118 46
44 88 16
44 116 47
217 280 40
252 219 21
162 281 77
155 246 70
255 111 27
23 0 1
78 172 83
53 181 85
217 153 66
252 278 41
182 227 30
131 58 47
125 69 16
66 58 26
49 85 32
85 113 63
115 29 11
88 216 39
27 244 43
180 64 87
165 183 68
145 5 6
283 171 66
116 138 2
253 294 42
154 111 97
169 168 62
126 33 86
50 281 4
19 254 20
289 241 8
180 106 100
128 242 92
21 228 7
241 255 14
88 13 57
271 63 32
65 140 67
211 219 64
225 220 86
104 7 18
2 169 41
244 288 63
58 290 34
65 172 87
134 7 64
127 222 81
63 123 78
179 220 87
10 39 12
254 62 54
129 51 22
1 207 6
126 249 23
276 49 55
273 76 69
1 46 67
199 11 48
115 174 83
185 293 10
63 177 96
153 150 19
158 195 29
277 234 75
163 298 55
224 208 38
113 49 28
92 102 93
142 137 83
89 258 13
252 26 96
105 174 49
226 146 54
47 12 30
268 80 43
221 186 13
155 289 29
44 84 95
223 160 48
141 270 96
12 295 96
45 73 78
220 187 68
43 43 54
101 123 91
296 185 86
160 192 16
69 30 99
115 223 95
15 113 32
36 88 53
179 98 26
71 177 72
212 107 2
57 100 9
32 221 95
122 276 71
10 219 43
57 166 82
20 220 28
115 226 16
115 228 29
24 96 76
51 25 13
18 208 14
238 268 6
138 57 19
261 253 71
77 34 58
192 210 88
116 239 50
86 228 34
206 123 95
121 226 17
168 262 18
157 153 57
11 178 37
243 292 93
252 56 40
251 23 89
124 178 98
204 86 42
196 79 34
196 150 46
19 290 62
276 63 6
61 158 48
85 235 67
227 186 6
90 206 31
23 261 33
186 123 90
16 260 82
29 101 33
274 91 6
227 64 81
245 69 77
230 196 57
155 199 43
144 32 66
22 278 29
252 218 92
183 98 71
5 281 98
92 98 32
56 154 76
243 191 96
230 145 7
76 289 90
81 83 23
32 220 78
33 41 45
110 201 74
21 90 66
159 253 80
80 155 47
17 203 61
149 261 45
196 273 54
265 233 16
89 36 52
202 153 96
10 231 40
246 110 36
280 95 19
48 246 4
209 17 25
55 259 53
245 126 49
254 188 58
108 114 20
213 193 2
61 67 19
75 209 69
167 177 66
253 164 95
271 241 56
267 99 78
206 193 36
64 91 8
147 92 14
20 89 73
254 164 50
283 7 76
59 133 78
266 46 37
152 55 20
14 283 78
98 222 55
163 23 45
52 160 31
25 19 26
45 124 45
156 37 49
27 150 96
196 278 69
13 115 85
111 137 61
15 162 33
23 181 30
432 31 3
30 26 94
40 31 40
45 31 19
17 43 5
52 1 19
4 33 95
20 47 57
17 32 5
7 43 59
3 50 38
26 8 58
14 15 42
3 21 39
5 25 60
51 5 91
41 43 32
39 9 60
11 25 99
8 6 24
37 52 99
23 32 25
8 41 7
29 39 99
9 8 96
47 49 27
25 11 47
51 37 64
42 46 9
0 2 62
40 3 100
22 0 26
5 24 53
22 35 38
51 48 43
2 47 87
13 48 96
25 18 76
36 35 4
29 21 43
6 28 87
30 17 11
37 28 8
37 3 23
48 3 29
37 17 76
30 44 6
51 47 5
47 44 83
45 9 24
29 26 32
22 38 98
13 20 16
41 6 40
5 2 63
4 18 97
6 15 3
37 48 64
51 24 22
40 50 69
0 3 29
11 30 76
44 43 86
26 47 11
51 41 74
45 51 20
18 48 33
26 44 37
8 17 6
11 2 42
52 49 41
22 30 17
26 22 13
32 27 48
33 27 90
35 42 58
22 51 54
31 38 59
4 35 67
52 48 6
38 52 17
41 1 84
10 46 21
40 32 52
52 10 66
40 46 49
20 5 72
42 45 41
9 26 97
27 9 65
10 47 63
52 49 83
15 22 79
15 47 88
1 41 13
41 15 50
44 45 1
20 8 60
12 41 91
48 41 95
49 39 57
28 28 94
40 51 32
3 24 26
20 43 67
43 4 92
51 15 100
30 32 29
6 3 90
39 36 89
22 6 2
30 33 19
27 19 100
36 30 63
18 24 22
0 15 39
29 10 9
17 10 41
46 10 49
9 18 75
28 2 19
45 14 79
24 29 39
1 1 41
51 32 29
5 15 67
21 26 88
13 45 41
13 0 58
29 49 91
52 3 25
41 34 30
35 25 75
45 29 58
47 21 59
39 16 99
28 10 27
29 22 38
24 44 58
25 48 37
27 24 84
37 34 94
36 33 87
16 34 29
6 11 59
6 12 70
33 17 72
13 46 73
38 22 48
36 26 1
51 35 64
38 18 2
4 33 62
20 34 89
13 15 32
23 20 31
7 25 88
25 43 92
46 15 34
43 51 58
36 12 70
39 5 26
1 12 49
14 19 2
20 14 91
40 15 43
21 4 92
42 13 4
40 20 98
0 14 54
10 48 29
22 26 82
25 34 55
27 42 65
31 19 86
46 15 53
41 50 100
52 28 41
24 20 44
8 34 80
42 34 77
9 4 35
44 3 57
0 44 47
23 12 11
7 0 32
30 19 88
10 21 78
43 33 2
10 5 29
23 45 55
34 48 93
21 39 81
9 7 6
8 42 55
25 7 18
5 38 50
42 46 5
9 47 46
29 1 11
48 41 61
30 34 76
6 39 82
23 47 51
19 1 24
6 33 63
48 7 95
38 21 62
47 40 23
36 30 95
24 27 10
52 40 75
14 48 21
41 44 84
45 26 16
41 19 92
25 18 29
15 34 90
32 48 4
12 38 99
49 4 93
38 27 87
51 45 61
31 17 89
35 3 29
22 8 81
42 27 98
21 47 54
0 17 4
44 41 12
11 39 72
39 13 97
11 8 58
34 38 54
49 26 14
34 33 41
23 14 37
37 18 70
33 16 12
20 28 25
26 30 93
52 35 41
18 14 76
46 47 27
26 21 96
51 33 17
11 10 4
4 26 80
15 5 14
0 26 75
21 18 16
26 46 2
44 28 74
15 38 57
22 29 31
12 6 99
51 45 25
44 45 95
4 8 22
42 38 3
14 0 67
7 12 78
9 36 68
22 27 93
1 21 54
13 17 88
7 26 41
40 1 10
18 34 59
29 43 96
1 45 91
6 2 1
31 24 3
11 31 21
5 3 80
45 49 23
51 44 47
50 5 27
25 29 85
28 21 46
24 42 81
9 44 18
47 52 44
33 1 65
3 21 89
35 9 62
29 37 88
14 24 35
0 52 39
38 24 55
0 40 69
32 1 52
10 52 54
29 16 87
24 35 69
36 8 40
11 37 64
34 28 70
28 39 76
24 51 48
15 14 8
32 43 66
23 15 54
48 28 23
41 2 44
31 13 86
9 49 48
13 25 47
18 48 46
21 22 98
14 49 42
32 19 64
28 10 96
1 36 81
46 45 93
23 51 62
28 16 85
0 7 68
31 41 26
8 3 66
23 15 96
26 4 51
14 45 38
35 32 78
49 2 80
24 36 98
32 41 30
2 20 50
31 3 9
9 9 24
3 37 85
27 12 24
32 8 46
35 20 41
32 6 5
41 31 9
39 45 3
6 44 78
3 20 27
17 5 42
30 37 53
21 4 84
34 44 17
16 33 76
22 7 97
41 7 61
4 43 79
40 15 41
16 18 11
22 49 3
21 15 5
22 0 10
38 44 47
11 40 43
25 0 99
41 29 69
5 47 51
35 37 28
28 27 12
0 34 11
12 20 33
46 19 84
27 24 39
45 21 89
42 29 1
16 3 89
28 47 98
26 28 3
50 30 37
20 27 81
17 18 28
43 1 5
0 31 75
3 50 32
19 20 45
47 12 36
24 6 7
6 7 64
19 13 98
20 42 80
25 32 50
51 2 46
10 16 39
38 46 26
43 38 84
39 3 10
18 8 77
50 49 36
51 17 22
25 50 84
42 34 98
35 45 98
52 44 48
41 38 89
16 10 86
10 34 35
29 26 8
32 23 61
11 3 25
39 6 60
5 12 96
49 6 97
28 45 23
48 0 15
36 42 80
2 16 96
26 5 93
12 21 72
4 16 30
4 49 30
44 13 29
20 40 46
27 3 93
40 38 14
47 37 2
18 15 91
18 50 73
11 30 16
15 29 5
51 35 71
27 5 62
24 30 13
23 9 59
38 44 99
50 20 60
11 0 42
19 1 28
43 17 81
21 9 39
40 24 86
7 44 66
52 38 49
10 21 47
393 174 13
127 72 65
15 101 59
156 33 77
165 53 22
87 83 38
45 98 67
147 47 82
96 84 88
72 33 89
53 134 38
26 178 67
21 18 9
109 71 87
162 84 22
20 17 44
116 52 52
30 170 95
7 15 84
85 21 50
40 3 46
164 67 72
138 34 96
166 137 43
24 92 71
109 129 11
181 41 38
122 118 55
36 65 48
161 123 87
118 98 6
113 125 66
106 138 51
9 144 53
70 58 43
85 167 7
163 163 79
41 48 66
52 6 4
79 105 48
112 138 37
82 154 18
143 144 33
115 135 66
121 116 9
120 10 4
47 62 20
56 158 69
16 56 57
169 54 82
78 109 94
3 55 57
43 26 7
50 85 55
0 57 44
129 47 90
150 27 94
55 56 78
145 3 15
150 8 24
136 137 46
79 31 31
114 120 14
88 134 46
143 63 89
23 36 24
11 49 6
87 68 34
140 175 62
184 3 39
83 69 33
138 156 87
62 171 98
169 161 19
164 46 9
17 125 65
100 119 27
120 104 81
144 112 25
5 81 78
92 59 53
104 6 3
47 118 67
1 17 94
111 65 44
13 93 46
34 104 14
24 175 16
155 129 61
32 89 75
169 120 18
9 79 95
98 162 80
115 187 70
150 163 55
79 51 92
181 155 74
34 10 96
91 77 92
129 89 26
150 166 100
25 39 98
117 140 49
83 59 91
117 18 62
125 123 19
14 77 79
169 0 20
109 12 89
47 15 73
118 58 16
65 107 21
99 136 61
183 21 56
121 126 7
115 149 27
128 0 26
48 185 54
187 100 87
83 50 5
99 2 69
175 39 42
116 183 93
122 117 77
125 102 100
112 172 100
28 53 38
14 44 32
89 163 48
127 174 14
101 131 2
84 172 36
105 158 58
177 144 28
174 171 49
163 76 58
77 166 97
96 97 41
21 139 62
146 144 83
139 180 75
152 161 48
140 92 86
10 48 60
161 44 24
187 2 33
185 146 45
116 48 12
98 105 64
82 113 88
103 15 93
186 61 47
23 3 7
159 60 65
95 96 77
62 125 73
91 49 89
157 41 84
79 51 100
125 132 88
42 38 64
156 163 88
66 177 80
104 88 86
62 75 14
149 15 27
85 13 71
16 135 3
104 57 5
120 84 50
26 139 91
98 185 20
65 170 59
150 28 8
143 127 78
130 94 73
183 170 100
32 30 97
139 56 61
151 140 99
143 15 93
57 89 94
175 26 75
177 60 10
70 103 31
57 46 31
146 105 47
122 65 79
147 109 82
59 7 91
146 158 43
132 89 64
146 59 36
155 86 15
2 75 20
120 6 56
86 40 19
22 43 69
168 149 17
136 174 39
141 152 92
26 70 50
101 144 40
153 151 75
160 155 16
186 132 82
143 30 17
164 2 83
176 142 27
162 119 17
178 84 8
177 77 90
134 144 40
118 130 80
131 174 89
119 100 89
95 111 22
19 32 48
58 149 56
20 113 81
3 72 53
46 3 72
181 117 48
92 57 22
25 6 4
150 70 73
130 49 64
116 49 25
35 123 53
93 85 62
54 47 98
110 171 13
150 122 25
23 180 57
64 131 58
70 115 80
131 135 11
112 11 98
38 147 46
19 41 16
23 83 100
52 46 30
170 177 7
183 105 30
89 38 10
74 124 31
64 185 77
131 27 4
96 1 95
86 40 44
101 42 72
62 9 11
131 40 26
103 17 84
132 127 51
77 20 49
29 141 67
138 18 4
127 9 12
136 80 61
49 80 59
136 32 91
158 28 17
123 147 23
148 108 32
31 144 93
164 92 61
27 155 1
135 101 45
147 179 50
147 74 16
65 163 76
67 185 4
129 157 13
157 14 86
34 69 92
128 82 92
58 161 86
111 46 93
49 64 69
53 17 92
111 110 92
84 164 87
76 56 24
117 31 100
122 28 29
159 7 89
96 82 59
132 169 75
143 37 40
119 165 46
110 151 98
172 94 45
25 165 32
3 69 17
171 173 21
67 33 95
36 170 34
96 56 24
51 28 65
110 135 89
103 135 28
16 169 24
122 167 37
9 87 5
0 160 28
92 41 86
149 1 11
7 158 56
108 87 3
17 142 7
64 132 43
140 37 6
46 62 66
76 108 60
53 101 42
13 37 17
52 112 63
79 134 76
127 45 36
55 60 83
59 99 55
99 135 86
118 123 35
183 93 45
57 181 27
113 174 13
184 169 82
101 130 59
93 43 51
38 187 55
122 120 52
78 97 8
88 102 83
53 63 5
172 161 7
139 61 75
62 135 18
149 155 44
44 161 58
47 79 14
127 182 24
25 81 34
30 97 61
85 47 9
104 153 52
30 158 2
7 131 56
79 115 55
136 16 35
174 124 80
56 110 99
75 51 30
144 27 96
3 154 36
184 143 82
163 121 43
170 1 53
119 110 23
43 165 37
162 184 19
128 127 35
40 173 74
61 106 48
20 166 54
1 72 47
43 22 39
23 177 85
172 136 76
27 81 100
50 24 9
32 58 5
173 18 23
95 73 75
107 169 47
10 131 16
69 177 44
36 172 17
20 85 72
3 35 66
143 129 38
86 81 34
94 50 48
14 37 73
108 167 21
102 129 63
40 184 46
159 79 8
100 22 4
36 10 82
9 157 44
29 90 96
24 151 75
58 22 61
377 56 31
45 42 34
105 43 47
43 1 29
16 55 20
35 55 46
14 37 90
89 90 99
94 85 22
25 83 75
99 33 36
26 94 14
30 77 31
75 22 45
25 87 49
84 18 16
52 14 17
19 12 95
68 68 10
42 24 22
94 106 27
6 95 34
57 89 37
9 85 75
103 32 45
35 29 7
96 47 16
106 105 40
71 17 6
12 68 30
28 83 80
68 15 70
38 22 43
26 40 5
76 39 93
88 7 11
58 39 100
25 28 78
30 50 67
64 20 62
105 99 43
3 27 84
63 55 17
17 72 72
100 90 91
18 98 13
49 36 96
67 28 21
107 2 5
3 91 96
5 7 36
37 60 62
101 59 62
96 93 41
57 102 88
76 103 86
109 96 66
105 79 51
0 30 38
45 65 59
32 29 29
63 41 17
27 91 51
98 102 4
82 103 35
99 104 16
99 59 15
64 15 12
5 36 80
21 54 3
50 8 71
87 104 38
33 62 88
48 41 36
22 53 86
69 106 39
109 105 29
37 99 7
1 37 77
24 78 23
42 67 82
78 57 63
4 17 55
40 24 49
27 18 8
97 42 63
9 2 98
64 68 42
83 20 11
42 90 87
40 22 76
71 35 87
82 9 71
58 106 77
91 40 77
72 25 84
16 85 33
76 96 28
79 68 41
25 42 4
57 94 35
23 67 42
17 73 2
82 47 99
14 10 32
25 96 74
4 15 88
107 27 25
74 16 39
81 2 22
101 10 73
51 101 75
11 26 38
57 95 42
32 64 55
69 3 59
54 82 25
31 40 78
29 77 50
102 108 37
108 6 4
54 52 57
59 13 15
27 24 76
21 92 83
8 23 57
13 87 85
99 70 86
1 42 46
101 5 14
103 100 65
27 95 33
25 65 1
13 41 22
54 23 52
96 64 27
40 109 19
93 50 44
95 2 61
35 95 9
98 30 96
0 95 57
10 86 37
74 52 56
67 21 46
39 44 30
36 69 17
103 46 13
27 6 20
4 6 51
36 15 77
74 52 94
38 58 85
88 14 87
69 46 14
72 83 98
81 61 57
103 1 57
12 82 4
72 64 12
74 33 1
12 47 53
69 67 97
48 32 16
39 17 13
5 71 72
8 34 82
69 84 60
106 17 47
39 91 99
6 42 31
101 24 48
27 48 36
67 50 46
78 18 88
53 1 61
44 43 5
5 67 74
32 33 12
42 85 23
43 72 97
58 96 10
59 71 30
98 49 89
106 103 24
81 31 30
6 106 24
36 35 66
40 53 78
62 75 21
10 74 85
59 75 2
105 30 4
109 28 51
97 36 47
50 106 15
27 38 35
64 25 66
6 49 19
60 6 79
81 49 60
108 97 66
12 23 90
23 25 78
70 9 65
10 2 4
10 2 23
79 86 98
104 57 11
78 58 26
89 66 2
21 15 98
32 38 23
5 70 65
54 38 72
12 82 80
90 12 44
69 42 96
98 9 45
89 19 48
106 109 17
94 78 25
68 109 34
50 9 9
28 16 75
75 46 85
14 58 11
1 11 30
47 109 63
100 71 49
10 97 5
103 109 70
15 89 98
60 105 100
51 89 7
15 13 89
104 54 37
59 41 65
74 51 9
47 103 31
109 88 68
96 49 93
36 78 86
21 82 80
77 81 21
91 56 18
50 59 25
97 23 30
39 11 53
46 48 13
76 4 48
69 7 87
25 67 47
14 101 15
105 69 12
37 27 78
20 13 29
30 73 3
107 29 8
49 3 38
57 18 59
25 103 80
27 36 69
3 77 48
31 79 93
6 41 80
26 72 49
49 74 4
57 96 32
2 28 37
42 93 18
30 95 28
11 61 12
31 5 48
14 70 52
47 14 54
78 42 31
109 86 58
0 12 68
56 60 53
69 24 50
1 42 73
1 62 96
104 31 41
10 62 90
58 59 91
22 16 11
98 102 13
37 14 20
6 99 3
32 51 13
63 16 33
108 52 32
97 27 32
91 41 49
27 12 92
74 78 90
15 8 51
45 61 36
82 56 34
0 80 80
102 77 57
63 61 82
44 34 37
70 93 100
29 40 86
54 55 82
99 87 90
83 8 89
15 62 86
4 37 83
43 9 100
22 0 49
48 81 84
102 49 19
36 7 48
97 42 35
103 32 3
19 24 73
35 53 67
11 34 38
30 97 100
29 109 31
17 77 56
36 67 1
84 86 7
70 2 56
26 28 53
3 29 99
47 67 83
87 65 6
90 70 40
94 25 5
41 32 64
87 2 79
104 48 88
29 97 78
101 40 47
52 19 10
101 103 58
28 22 24
74 40 11
43 19 98
87 26 20
101 98 65
7 71 87
68 74 72
65 40 75
35 0 77
19 26 82
7 2 20
101 100 14
76 57 2
29 75 34
91 11 8
27 72 54
95 20 63
19 70 61
65 66 69
52 10 14
56 71 61
95 19 76
66 62 97
49 3 96
21 19 91
77 86 25
39 105 83
99 73 55
23 44 48
83 75 99
29 82 76
40 104 14
96 7 36
36 69 61
44 77 73
82 87 89
39 72 96
17 83 67
402 22 17
14 14 28
15 11 54
17 13 87
30 15 98
0 19 35
28 4 13
1 23 30
0 27 27
30 21 87
24 26 19
2 12 5
19 8 60
1 7 29
12 3 6
11 18 70
20 26 9
11 22 53
2 7 94
28 23 18
8 26 92
5 22 26
4 26 34
6 20 91
22 5 60
28 10 92
16 7 93
3 30 42
10 16 50
4 3 25
15 16 73
11 13 9
28 16 91
18 3 53
19 4 70
21 6 63
26 19 21
14 22 12
0 27 19
20 32 10
18 32 83
16 5 35
29 24 20
6 26 95
2 27 21
2 33 37
2 0 99
17 24 28
15 29 44
30 1 50
15 24 97
16 6 49
17 13 61
0 25 73
29 30 34
9 6 88
16 26 6
22 21 47
2 7 27
23 28 99
1 32 25
33 8 3
4 7 36
3 24 91
16 9 60
5 8 34
6 29 100
12 12 83
10 11 34
0 27 72
20 29 78
26 6 73
22 22 86
13 16 32
30 32 38
28 14 95
4 28 63
9 20 25
1 8 52
23 21 12
5 11 12
15 15 34
30 17 51
21 8 44
14 25 43
23 23 49
13 21 80
0 1 77
16 13 38
19 17 49
10 29 6
27 23 54
7 6 53
10 8 72
23 22 95
17 30 58
30 10 77
12 25 59
33 20 25
6 30 28
10 22 33
19 2 3
17 29 27
24 28 52
11 33 34
10 20 65
2 11 10
15 3 24
1 9 34
18 12 11
16 11 46
5 23 60
23 24 21
30 11 79
21 18 20
25 17 8
13 8 89
33 13 79
33 1 17
4 8 34
21 12 23
30 30 72
13 25 34
2 12 27
7 3 43
2 7 96
4 5 21
5 16 6
21 32 85
7 33 32
30 8 29
22 23 13
16 3 4
0 8 45
11 9 44
26 30 85
33 10 68
33 9 87
28 9 8
24 25 5
4 6 34
15 13 81
18 15 36
23 29 71
32 0 59
10 2 37
21 9 91
3 31 18
14 29 52
6 1 6
2 12 63
19 18 92
0 32 9
18 19 59
24 26 3
18 16 31
8 4 42
21 33 1
8 12 28
9 33 90
25 3 100
1 27 98
6 24 28
2 5 8
10 15 47
12 1 47
12 1 67
22 6 94
33 30 82
21 26 12
25 32 89
9 19 43
17 14 45
16 2 41
4 15 97
21 7 88
14 16 25
11 14 55
5 4 94
11 25 69
9 24 28
15 4 92
1 21 21
5 9 43
3 13 6
33 6 8
28 26 70
16 21 37
30 24 46
14 25 64
4 7 78
20 3 16
33 18 98
23 25 52
6 29 26
13 18 13
12 32 85
25 10 33
13 17 6
18 7 12
31 16 46
0 31 31
8 20 95
13 8 24
8 4 63
7 7 60
27 7 14
9 16 82
11 8 16
17 0 41
26 29 98
28 13 51
0 25 51
12 14 22
15 9 6
1 33 51
21 22 96
11 9 28
24 13 97
22 7 42
26 27 4
24 14 19
8 17 15
11 1 28
7 7 5
10 22 27
8 6 4
11 8 24
3 29 2
26 15 50
13 2 61
2 3 14
28 3 1
24 26 86
6 4 74
28 29 88
30 28 36
29 7 43
4 20 79
16 18 25
29 0 87
29 33 34
15 5 55
31 1 31
16 27 34
0 22 19
22 29 87
28 19 98
2 9 78
29 8 81
20 3 100
32 2 24
20 22 43
1 20 55
11 17 79
0 13 19
6 14 74
13 14 15
4 23 14
29 32 39
17 25 47
25 0 65
5 24 53
22 29 6
0 25 47
23 8 55
18 25 59
14 22 10
4 4 74
16 26 14
30 16 75
20 31 64
0 10 2
25 22 1
29 15 86
5 4 23
17 13 27
23 29 67
4 18 42
14 33 57
0 21 92
11 20 87
21 23 85
11 25 16
22 23 93
18 11 24
22 33 30
3 26 49
2 16 23
15 13 68
20 15 84
8 20 61
28 16 78
19 25 93
5 15 83
9 31 69
9 11 14
7 1 54
25 5 70
9 16 56
17 5 83
22 12 90
10 3 41
18 25 38
20 26 29
15 21 97
21 33 51
14 23 44
4 18 35
29 33 81
31 25 92
25 2 83
3 12 64
19 29 26
13 4 71
30 30 9
6 6 85
13 18 4
14 30 7
18 25 99
3 28 24
23 29 16
8 28 44
23 6 30
14 30 82
22 0 97
16 21 85
1 31 3
31 6 21
22 13 43
27 30 30
7 20 39
24 17 87
9 30 26
3 23 89
29 16 40
23 13 7
15 2 53
32 5 75
7 7 37
26 28 40
10 6 53
28 7 12
1 1 77
4 26 32
6 30 75
15 19 32
26 26 13
1 7 96
23 11 27
30 18 98
4 24 64
20 26 53
11 15 47
33 21 73
4 13 69
4 23 40
7 25 90
11 10 4
4 20 86
3 24 91
15 18 48
1 2 21
15 12 45
26 32 13
31 31 4
7 15 45
10 30 88
0 11 31
29 25 95
10 33 32
21 17 34
32 26 32
21 25 75
32 18 41
24 10 57
4 16 55
15 27 76
12 30 12
21 32 97
26 12 16
28 2 17
7 12 47
26 20 79
27 12 14
29 28 49
9 31 46
16 10 59
8 16 43
20 28 8
10 32 30
6 13 59
5 20 83
21 8 83
18 13 32
4 3 70
13 31 71
25 18 10
17 2 74
15 31 77
9 20 27
28 1 88
1 11 72
