453 51 12
9 212 96
2 176 10
156 210 43
154 135 92
76 97 63
74 193 55
183 109 28
49 201 15
181 53 85
15 92 84
59 129 7
137 19 100
2 205 90
68 219 93
163 62 86
220 186 26
201 21 93
155 1 18
149 107 82
38 16 48
194 209 39
60 120 16
234 126 55
114 78 43
221 216 63
11 128 50
225 66 30
216 152 27
203 144 97
128 51 73
169 186 6
76 133 58
29 99 39
188 225 67
225 229 70
92 40 34
144 125 23
128 168 71
152 224 94
52 226 53
192 176 89
56 2 35
227 105 59
168 63 54
106 140 80
86 109 63
118 10 88
111 227 59
135 41 35
56 147 59
50 98 49
19 45 55
205 102 25
91 63 14
59 14 62
59 214 38
20 155 70
226 180 59
62 176 83
89 185 45
143 124 35
102 234 60
97 92 47
58 191 48
124 168 45
99 234 73
86 180 97
17 110 49
137 161 20
161 47 14
127 9 37
134 49 24
174 142 86
199 100 24
162 90 50
46 28 65
136 51 64
234 227 81
233 210 66
171 120 59
220 168 95
153 135 64
193 67 17
39 153 40
158 210 15
60 176 10
182 126 100
217 108 97
42 147 25
108 190 46
180 57 66
35 179 47
171 105 38
8 20 36
102 70 73
23 106 90
29 210 84
26 114 16
103 97 14
226 212 54
204 169 66
120 168 31
94 207 32
37 120 3
107 173 71
20 98 20
24 180 99
121 41 29
116 216 64
0 41 61
176 16 2
89 47 79
27 3 74
16 235 95
39 70 2
12 90 28
145 77 25
22 90 100
228 119 8
130 86 40
20 83 74
88 37 32
128 29 20
20 117 56
231 227 45
111 233 29
101 130 99
10 178 47
118 231 76
182 194 14
50 53 87
163 191 21
90 137 52
191 5 65
27 163 61
23 201 5
103 205 97
4 215 97
4 116 74
81 169 23
40 31 96
105 228 57
82 21 74
152 197 44
229 180 26
92 228 85
117 34 66
119 134 28
53 215 51
206 8 63
73 36 88
118 235 81
160 189 4
62 86 38
73 234 27
154 231 72
75 201 30
45 75 40
137 69 81
15 124 16
183 100 91
24 190 49
44 190 86
1 2 68
68 63 12
229 53 81
10 160 29
202 157 20
177 107 57
152 206 86
127 72 82
50 4 76
24 107 9
161 126 94
148 50 35
130 41 34
91 140 76
133 12 100
71 2 93
3 12 65
78 181 100
4 132 89
89 28 10
78 18 77
109 87 10
80 28 40
66 49 11
186 163 100
8 51 62
230 150 32
129 72 60
17 45 80
107 40 28
232 87 100
144 210 20
28 152 4
115 47 71
189 47 61
184 235 43
192 132 29
130 82 34
43 2 67
227 124 29
74 142 23
118 67 59
222 23 96
155 214 97
125 54 25
48 185 61
219 123 91
83 74 19
194 41 8
205 182 32
114 233 78
177 199 82
231 186 42
221 129 72
33 165 77
69 178 96
134 62 11
111 65 70
75 139 99
109 190 75
222 54 45
103 165 98
23 135 55
32 22 54
199 165 44
172 24 46
103 125 17
79 188 52
17 102 6
98 64 63
211 65 98
165 229 48
7 67 8
52 117 99
105 116 35
216 234 82
11 175 98
97 206 69
27 174 77
166 202 95
172 94 3
153 236 59
104 99 91
187 74 34
50 127 95
119 150 19
212 118 27
228 44 68
24 151 8
51 49 34
91 123 13
214 86 31
1 41 27
114 51 23
54 147 65
201 44 92
171 113 79
139 47 63
68 212 18
5 28 12
235 111 2
162 223 80
38 194 78
108 54 54
235 235 48
154 65 6
93 222 94
177 104 40
1 94 42
221 184 62
67 65 55
71 142 24
78 47 36
147 195 72
44 33 35
226 46 29
227 46 77
127 203 74
82 182 20
117 36 91
161 55 12
59 163 77
217 71 88
67 143 25
50 192 56
167 89 60
79 132 100
23 78 40
177 25 86
28 19 78
32 40 21
188 97 86
93 213 82
25 64 41
52 82 44
68 76 10
235 67 93
100 187 62
215 153 96
49 204 5
88 41 22
110 233 25
51 83 76
33 100 57
75 110 30
20 145 44
204 28 85
65 122 98
1 3 11
184 44 52
162 150 90
60 136 23
216 89 4
169 14 23
221 36 2
122 50 92
20 148 24
74 149 1
180 56 96
233 199 5
21 214 27
109 16 53
176 89 78
51 70 38
54 143 90
122 225 85
52 70 10
175 157 77
182 38 89
31 97 28
85 8 84
36 101 90
18 52 66
110 113 88
113 48 52
143 79 65
165 114 54
158 198 95
127 187 47
105 137 35
132 89 24
8 184 34
131 186 11
202 52 61
164 46 43
155 161 52
48 40 63
198 33 22
226 87 69
139 107 84
24 110 92
38 177 34
37 5 97
198 110 88
122 125 46
165 164 97
64 40 100
39 141 97
143 215 8
106 36 17
37 151 29
45 28 94
152 164 26
53 230 9
18 48 46
139 140 93
62 3 90
161 164 70
235 11 73
29 26 8
18 116 67
203 115 18
201 139 29
46 198 36
79 129 28
168 185 41
223 221 1
182 225 46
181 212 9
31 150 27
0 208 95
203 122 85
22 183 10
25 11 87
181 129 81
210 104 13
107 104 55
155 52 48
23 4 44
108 116 52
185 193 57
74 218 58
176 81 35
97 108 32
122 130 24
192 44 30
24 122 86
7 103 53
139 205 52
53 151 50
199 140 98
96 34 85
85 187 17
46 209 35
138 83 62
89 74 47
67 110 57
6 152 9
119 107 82
41 219 46
76 22 53
200 142 86
126 123 26
218 175 26
210 214 31
203 172 35
5 200 69
97 39 65
53 102 51
12 137 77
28 169 11
136 203 74
107 79 68
106 169 26
59 186 22
162 94 43
214 28 72
215 89 76
99 184 53
170 189 3
2 78 96
101 1 62
111 230 42
8 172 15
76 152 78
192 90 93
91 132 68
164 138 89
206 141 55
187 27 76
166 10 48
225 45 87
50 187 100
136 222 67
199 158 62
158 144 15
181 199 24
175 202 3
236 77 39
9 153 74
445 93 29
38 23 18
30 11 14
58 6 47
52 33 1
74 86 57
55 80 71
92 72 79
43 44 11
87 65 86
19 89 16
16 42 54
106 85 60
70 72 76
57 7 1
11 77 5
24 15 44
10 7 35
11 35 28
49 105 72
41 87 29
8 90 83
2 8 30
51 95 34
106 41 3
5 15 84
104 91 44
6 14 50
0 34 68
88 98 7
78 41 98
60 82 75
101 27 48
73 43 52
74 24 65
4 93 24
42 97 21
8 77 18
65 76 61
60 24 52
4 87 66
57 4 72
33 100 88
10 21 86
13 72 70
73 92 79
34 107 44
97 29 88
14 0 95
37 102 75
51 45 94
68 29 8
92 106 76
21 57 78
25 70 87
7 105 75
107 18 61
41 64 37
62 29 85
77 101 59
95 76 60
75 86 49
85 97 55
41 43 70
68 23 78
94 25 11
66 66 61
101 77 56
72 7 37
64 16 35
75 33 98
49 62 67
40 54 80
77 77 64
98 82 78
3 12 76
19 32 26
49 52 94
96 88 93
101 20 33
87 105 29
65 65 73
9 78 72
90 85 48
52 61 46
58 53 14
53 3 66
38 97 32
24 53 57
21 60 89
72 53 91
51 26 24
23 35 2
12 10 43
47 49 37
20 57 80
69 62 73
24 61 81
105 21 17
78 26 43
8 44 20
34 50 6
83 105 56
85 53 43
6 8 100
21 32 6
57 16 59
15 83 4
26 81 78
53 27 51
32 33 96
1 106 12
56 53 42
59 25 13
60 93 50
38 39 46
10 19 41
65 51 5
31 97 40
51 95 10
78 12 60
63 47 33
31 71 95
74 34 13
6 100 31
102 32 54
107 41 33
46 67 85
41 92 2
71 65 99
79 19 72
64 34 14
68 79 69
35 82 33
68 78 95
56 40 76
20 105 76
34 45 18
87 37 92
24 49 26
42 72 78
37 97 35
45 49 36
39 71 29
7 81 14
78 34 53
35 73 54
79 26 59
60 94 8
42 64 93
66 20 51
79 105 49
63 13 22
44 7 7
3 22 30
85 50 67
87 50 98
100 20 69
57 55 79
65 86 90
47 77 29
59 6 66
32 16 18
102 76 80
5 66 30
101 21 32
52 52 3
81 10 42
90 54 85
16 20 67
34 40 4
27 28 95
76 27 55
86 94 93
3 70 92
103 68 78
26 72 82
93 89 56
55 0 58
90 54 70
70 8 53
47 107 83
79 48 27
8 1 79
102 21 92
19 23 83
97 100 64
34 2 20
1 12 75
103 95 51
34 68 89
83 27 74
16 31 17
91 91 18
9 91 45
101 25 95
62 9 86
69 30 14
102 34 70
52 30 88
43 90 58
97 61 86
55 65 38
80 78 54
78 46 7
52 67 96
76 7 12
50 101 93
9 31 23
31 81 98
43 74 7
64 54 5
90 11 27
48 96 40
39 94 71
63 80 59
85 34 97
58 104 36
25 51 43
51 80 24
62 27 79
103 39 90
63 6 62
62 87 74
58 98 56
15 92 9
69 71 81
47 76 99
100 38 80
2 102 87
6 67 2
88 22 83
94 31 79
40 37 21
84 87 46
31 6 94
37 68 56
43 86 16
7 105 23
46 42 70
61 35 98
36 101 82
79 71 26
25 83 74
99 86 8
56 17 63
98 5 47
87 6 97
33 54 90
107 53 16
57 13 35
59 41 39
48 20 91
20 67 4
2 25 41
82 49 61
24 82 17
87 90 1
5 58 33
86 90 16
99 71 37
34 85 8
16 58 20
54 64 45
62 20 41
26 47 61
102 89 6
26 23 44
70 8 41
46 46 38
91 18 5
97 50 54
78 97 87
86 26 34
78 74 1
106 4 21
16 17 2
44 96 84
1 84 84
36 76 31
82 101 71
54 96 26
33 48 56
25 19 8
22 23 75
14 54 43
22 5 23
70 31 16
26 101 14
17 19 6
39 75 100
57 23 51
51 18 57
55 50 16
106 22 28
42 68 80
55 60 84
107 31 61
11 2 11
50 71 35
104 99 32
88 53 17
87 107 35
44 16 87
90 99 51
40 90 67
64 41 29
101 43 89
55 81 14
83 104 17
45 97 67
2 103 88
64 24 85
7 29 60
83 78 25
34 105 42
39 3 95
98 25 64
64 59 42
2 58 49
94 8 12
27 34 30
92 53 77
53 24 15
80 26 26
17 67 38
76 11 28
82 36 39
41 7 23
76 67 47
66 58 57
33 49 61
92 16 25
102 26 93
67 76 45
96 88 71
34 78 94
15 21 32
21 82 95
81 84 58
44 33 58
18 38 2
10 37 96
54 36 86
51 97 4
84 75 76
1 94 7
95 45 46
95 95 24
94 87 60
52 54 79
6 105 63
7 62 5
21 96 70
87 106 51
56 74 85
26 104 71
52 72 36
72 10 27
85 6 35
14 37 10
44 107 3
94 10 25
99 99 43
44 16 51
87 90 71
3 39 89
29 47 69
40 67 61
49 70 65
20 55 79
48 42 26
66 60 100
3 67 17
73 57 91
5 32 72
104 97 39
36 82 64
76 74 26
70 3 14
15 99 83
60 83 35
88 34 56
103 78 42
13 86 95
76 39 66
22 103 21
28 95 93
95 45 61
59 66 79
89 88 87
76 3 14
82 44 64
88 78 88
2 67 40
60 98 90
67 25 11
15 93 4
85 1 73
93 94 18
92 2 10
51 6 10
94 51 87
3 27 36
58 54 8
26 56 70
56 50 57
11 11 57
15 20 87
35 43 91
35 23 52
13 10 76
86 92 11
102 55 25
97 35 41
83 3 71
100 52 35
34 7 56
42 54 75
12 74 65
98 107 8
43 36 4
55 1 43
106 39 33
31 36 1
73 38 56
2 98 33
2 24 89
66 22 79
15 15 100
37 72 97
36 86 59
42 29 77
88 87 57
0 87 55
78 32 36
63 56 27
30 46 95
25 73 59
67 49 45
56 44 50
43 39 46
40 101 90
106 107 37
5 30 19
34 42 77
459 17 187
50 174 77
97 40 54
111 66 52
123 66 80
114 58 56
121 204 60
181 99 40
152 163 49
168 83 91
72 9 36
14 234 87
130 158 41
51 210 41
68 115 84
83 62 98
183 74 38
190 193 28
148 133 81
69 74 73
96 103 35
31 109 49
55 213 69
162 263 83
140 271 4
261 90 70
234 218 7
25 75 30
97 21 56
238 197 2
140 155 17
64 200 74
37 24 2
264 124 85
131 161 86
270 21 62
43 36 78
210 51 41
154 246 40
64 206 32
195 36 34
19 239 82
60 191 32
184 166 84
163 27 7
212 79 43
100 13 7
30 87 64
262 28 86
40 200 1
127 86 25
141 209 17
256 183 89
226 188 28
43 73 28
109 105 79
254 61 72
63 135 76
157 189 7
106 186 36
193 90 58
218 31 67
139 70 30
152 146 59
191 98 60
102 222 35
249 104 28
141 237 36
29 123 49
210 102 34
164 4 21
102 206 56
12 206 92
24 252 82
222 24 50
228 113 94
173 92 63
93 156 24
77 87 7
60 257 59
250 181 89
206 32 43
235 270 16
12 99 83
109 16 67
80 172 76
66 0 95
121 61 17
158 206 54
102 177 3
115 213 83
41 40 97
227 100 32
121 158 64
195 83 68
57 263 47
132 216 73
221 134 17
266 269 13
85 177 53
186 1 38
239 130 21
164 261 2
272 23 5
133 10 6
118 175 62
222 71 29
72 272 35
252 162 5
177 145 39
233 127 30
250 154 81
41 256 53
131 264 38
75 266 4
16 266 24
209 23 85
49 226 75
93 137 11
136 272 43
177 10 29
39 98 31
215 229 60
111 141 44
138 83 2
185 52 19
91 93 27
214 38 46
162 190 32
85 159 53
242 224 52
15 61 96
128 80 44
32 263 15
237 152 21
54 244 13
83 98 13
80 44 84
143 91 1
95 232 21
250 50 83
14 233 21
175 122 91
56 139 26
136 88 4
128 36 49
55 229 85
80 220 8
202 86 64
253 272 61
137 266 44
7 28 47
4 20 55
147 146 34
60 158 12
187 166 8
60 9 11
175 228 2
114 18 14
203 28 87
212 161 100
189 212 88
175 8 29
269 187 3
148 133 17
29 76 45
179 56 25
244 47 18
171 35 12
91 133 66
33 71 19
53 29 87
15 240 56
138 124 80
226 81 27
142 224 5
202 74 74
125 69 7
269 190 45
204 53 65
164 86 33
156 9 85
260 193 20
13 243 99
15 233 99
150 225 50
212 159 22
35 213 86
190 255 82
156 91 29
77 52 97
258 95 68
2 264 6
41 112 29
249 142 41
165 71 11
206 15 74
104 58 95
71 154 60
133 51 95
35 213 47
163 242 53
222 113 68
112 193 62
139 0 27
264 16 71
54 228 43
139 101 28
34 255 36
239 191 3
2 202 25
21 108 75
157 145 75
214 50 64
113 121 97
246 223 93
211 225 1
201 184 34
23 138 49
177 115 60
44 133 45
255 143 41
69 174 99
51 11 55
158 229 9
241 249 69
99 202 52
17 197 64
36 241 20
213 258 96
111 90 26
14 98 17
92 128 2
265 106 55
192 119 77
39 74 50
164 166 65
50 189 1
133 99 30
16 188 38
231 27 47
212 48 33
99 215 2
226 74 87
255 266 98
237 198 98
127 169 70
57 226 73
110 196 88
12 114 9
92 228 80
72 271 16
246 82 94
213 174 58
162 102 80
22 155 68
116 161 18
114 155 58
245 197 15
0 48 3
148 199 15
133 81 72
194 100 79
238 240 59
262 236 67
98 252 38
218 98 74
229 171 98
98 254 17
79 202 57
109 11 70
168 109 41
129 179 94
64 1 45
208 164 49
31 261 78
135 40 41
261 209 34
54 234 50
174 11 86
50 96 80
52 38 79
64 31 57
82 184 100
84 208 61
82 244 70
192 107 4
270 31 26
158 226 84
54 7 17
257 0 29
255 185 3
165 30 74
265 121 66
236 154 68
134 173 65
204 214 54
115 84 55
177 63 43
32 61 24
24 264 83
40 251 39
64 34 41
50 19 18
48 24 4
171 265 92
195 144 57
214 62 57
215 105 8
274 91 26
177 145 84
174 259 75
48 148 34
136 202 51
10 249 79
147 134 16
267 221 69
106 148 99
205 160 49
273 130 19
163 134 35
64 175 12
207 63 66
104 158 8
160 144 70
257 58 52
213 27 18
274 25 84
260 144 13
43 147 92
109 178 30
136 231 13
36 255 69
66 211 18
269 137 39
134 267 46
19 183 56
164 143 81
31 93 66
252 126 89
196 93 11
224 76 90
168 233 99
128 61 53
134 175 76
178 145 72
80 61 60
154 55 3
27 92 6
258 83 66
251 37 99
85 94 84
251 46 56
114 4 39
213 91 21
66 271 74
177 30 46
166 179 65
67 194 35
198 163 38
231 136 94
173 95 55
274 116 88
185 118 51
190 111 94
88 77 69
49 61 45
125 157 85
28 14 45
251 184 40
180 245 82
187 102 93
245 166 46
65 201 21
139 84 56
222 78 80
274 78 74
128 203 55
126 130 36
205 57 47
127 216 4
140 210 37
139 166 50
42 120 63
238 272 72
171 218 87
271 103 36
238 65 54
200 206 13
71 71 9
259 67 60
201 256 17
8 226 11
131 44 48
70 43 68
274 93 81
67 94 5
247 80 72
35 115 64
173 235 2
44 111 26
56 246 84
55 100 80
247 53 46
71 106 68
250 264 92
142 218 74
158 224 20
125 48 75
222 116 95
149 20 83
115 43 68
27 263 90
217 128 76
73 82 38
227 230 29
136 74 56
8 98 64
80 232 25
89 12 45
199 24 10
257 47 49
47 30 96
127 18 28
219 161 28
57 63 75
253 58 48
226 70 1
83 158 14
229 182 92
62 207 23
198 251 3
206 3 67
14 11 5
95 233 47
3 106 12
122 164 74
206 14 84
51 213 56
60 210 93
44 166 15
137 155 92
155 232 54
82 26 31
245 145 67
140 127 89
176 76 3
148 227 91
120 140 71
56 78 25
163 251 98
147 52 59
105 159 23
59 215 29
219 262 56
218 91 47
209 129 29
187 234 14
164 210 24
119 14 33
343 33 63
92 54 10
4 81 12
28 47 46
32 45 16
27 24 45
69 19 10
69 75 59
60 8 2
90 66 44
1 87 99
6 41 45
28 33 96
11 69 100
43 8 92
15 11 67
34 57 58
49 38 66
3 44 55
44 22 87
56 71 63
36 57 84
19 37 76
28 31 66
16 67 43
54 23 41
35 24 39
29 66 43
59 59 15
32 93 46
87 22 7
56 83 61
37 58 99
54 45 33
24 66 57
46 27 33
38 38 30
55 9 38
32 55 25
10 48 4
84 87 57
2 92 77
57 29 45
82 22 27
81 29 88
43 48 5
50 48 72
23 19 34
13 0 2
15 8 7
68 41 100
53 3 44
74 71 31
57 13 25
56 55 75
63 53 23
16 66 20
22 69 29
8 33 25
81 25 81
58 58 29
31 56 63
13 51 58
70 80 93
81 23 35
45 73 28
72 5 60
23 39 76
46 7 77
66 58 33
1 14 40
84 77 51
16 35 1
81 62 19
17 85 63
25 14 92
88 45 7
20 91 15
38 23 47
62 48 22
30 54 49
78 65 9
13 92 54
43 33 68
38 77 96
7 63 83
51 61 85
4 53 83
38 65 90
22 17 61
19 31 18
3 71 36
44 63 56
74 61 65
87 72 31
50 65 20
76 62 28
76 27 31
69 66 76
70 93 83
34 51 41
16 27 62
38 9 89
47 8 62
45 39 63
50 32 93
43 45 30
4 64 80
50 15 64
84 85 39
17 39 13
26 20 5
87 75 19
26 44 2
47 58 32
77 82 27
45 38 44
48 4 43
19 55 41
24 3 66
17 83 61
82 79 54
13 20 97
11 38 16
81 9 39
75 64 65
69 75 38
3 65 24
76 69 57
91 21 16
82 77 96
61 1 5
34 78 79
36 29 48
77 33 20
68 40 78
48 78 90
54 25 23
34 73 87
46 49 79
77 50 30
47 2 67
53 59 1
17 86 13
11 4 85
47 92 60
92 28 100
35 44 30
50 45 65
77 57 68
79 1 25
44 85 57
60 6 38
1 35 97
26 76 20
69 85 24
91 8 68
5 63 25
41 58 44
38 48 10
74 31 21
30 59 32
5 36 99
39 6 49
24 65 13
33 23 11
62 82 34
76 56 11
72 40 31
87 19 78
83 2 8
51 42 60
88 65 70
19 8 29
72 10 22
8 17 65
58 63 35
34 53 24
81 63 9
48 57 70
72 32 97
80 79 6
46 74 78
83 49 53
35 87 61
6 55 6
65 34 32
21 90 87
73 79 28
90 58 1
14 56 83
62 35 40
78 15 38
42 65 91
0 82 98
37 5 20
82 76 31
50 63 62
85 78 12
93 72 21
79 21 46
12 81 92
52 74 100
65 89 46
61 78 40
69 42 6
10 45 51
32 31 6
36 68 18
7 33 90
87 32 17
77 63 34
41 84 7
27 28 37
15 29 70
58 0 34
50 41 50
25 29 5
87 10 65
78 33 7
35 7 84
54 71 95
58 74 15
66 87 79
9 55 45
55 58 37
35 82 25
49 18 41
59 68 20
82 24 53
37 28 72
55 16 21
0 36 31
14 76 82
39 68 72
93 24 78
49 20 6
77 84 78
54 48 67
50 81 52
57 68 38
67 59 5
14 57 66
2 86 25
8 78 8
12 15 56
32 55 98
14 91 75
88 18 67
22 63 73
30 77 77
35 75 55
64 31 63
26 26 17
12 53 69
81 82 1
28 16 69
13 21 84
64 59 53
78 35 60
33 84 75
63 21 13
70 35 79
85 3 12
38 61 49
84 83 12
68 83 90
81 38 63
13 68 96
23 53 17
19 12 18
65 55 66
47 85 84
6 53 16
45 80 78
62 42 20
43 89 88
42 41 82
40 65 70
3 3 49
34 48 5
73 64 94
13 28 68
57 55 14
19 8 7
25 71 50
11 16 96
92 61 35
56 35 49
38 29 38
3 71 24
23 11 54
57 55 5
83 83 50
67 50 92
34 11 6
8 48 24
23 42 44
92 45 31
31 47 84
84 39 63
36 3 6
14 8 66
40 42 21
72 50 73
37 52 42
87 81 19
19 37 15
18 88 6
79 82 66
13 3 13
33 52 35
16 71 58
61 86 1
50 93 89
91 14 30
42 16 79
9 39 38
57 43 82
54 23 7
29 72 22
67 46 90
78 49 42
52 41 30
88 31 44
42 71 11
45 37 58
88 45 42
55 0 100
41 3 78
44 81 45
34 58 52
25 48 93
42 16 44
50 26 12
85 76 33
87 51 89
51 51 28
29 2 97
52 73 65
84 20 59
54 32 67
10 0 4
13 25 58
347 48 31
72 36 38
0 31 9
1 10 100
76 4 47
76 79 68
58 21 20
42 19 90
66 3 41
26 12 38
63 3 25
55 60 79
71 41 94
84 83 23
64 38 84
29 27 17
8 3 98
76 63 88
11 0 7
77 27 99
72 57 68
64 73 2
72 45 59
13 16 30
60 42 18
80 8 88
60 66 37
61 75 40
33 74 73
5 45 6
33 67 16
40 11 79
37 57 5
64 83 56
39 15 84
64 24 34
28 59 75
45 65 75
58 78 2
77 9 47
66 79 13
40 45 46
34 71 46
48 37 95
18 42 87
41 17 10
62 65 55
8 17 94
9 77 8
63 53 66
23 51 59
26 11 23
84 62 40
77 38 32
34 36 31
21 1 18
83 85 37
16 40 48
38 38 29
56 68 32
63 70 57
81 35 77
46 12 19
62 32 75
55 27 17
36 81 22
48 46 70
78 30 96
2 40 55
27 54 70
72 69 91
59 70 24
26 41 77
8 17 24
27 4 62
69 62 67
70 48 56
59 71 48
41 58 97
64 40 10
11 48 59
28 22 10
46 80 81
12 42 19
52 75 12
13 38 47
6 28 1
78 60 43
17 28 24
57 72 16
4 62 36
12 71 76
13 46 79
13 81 8
85 68 7
70 35 37
41 44 1
10 44 13
2 18 2
76 44 21
69 74 17
74 0 54
24 5 33
64 10 4
44 13 14
20 18 2
42 4 74
82 22 42
46 71 5
1 14 14
35 35 36
33 26 93
36 55 94
16 11 57
74 47 10
64 3 27
21 34 69
19 30 12
27 74 14
52 71 16
35 19 14
59 33 52
75 4 2
23 59 94
52 31 74
10 83 36
46 58 92
64 53 31
41 50 10
42 66 48
70 79 56
28 67 15
26 33 26
4 34 40
6 58 9
82 57 86
2 19 59
63 78 79
66 69 82
37 74 62
58 54 58
81 67 28
62 49 14
13 17 14
62 24 11
38 58 38
10 70 1
83 64 56
62 5 51
1 10 35
69 31 17
23 33 23
85 30 37
12 17 13
72 38 55
10 27 30
48 81 15
19 45 7
39 49 71
80 42 26
43 15 15
53 85 89
8 7 82
4 4 5
41 53 44
70 40 68
19 57 13
13 27 63
49 56 94
82 33 47
19 75 10
13 26 68
35 82 81
23 68 29
61 9 26
47 78 36
21 28 34
45 0 4
37 64 64
42 1 16
71 68 53
73 85 67
36 21 2
2 37 85
34 25 44
56 83 86
26 82 18
38 19 72
24 55 20
17 73 20
43 78 99
28 70 19
56 67 100
34 2 65
44 18 9
1 64 13
73 10 35
64 47 33
31 84 33
24 85 52
71 54 52
5 38 84
81 29 21
39 6 10
21 30 50
77 74 93
29 4 95
78 37 72
58 24 8
67 27 16
24 17 58
40 16 63
33 80 82
34 9 13
73 49 3
33 21 52
27 79 14
12 65 67
66 5 4
26 14 33
66 60 58
34 26 45
29 82 64
21 77 59
63 27 96
29 26 93
19 24 88
73 76 18
16 3 53
62 28 89
46 27 95
75 50 95
5 34 85
20 67 47
50 32 25
36 82 77
53 17 40
5 34 61
18 61 33
10 52 24
63 79 12
70 10 14
45 79 7
80 50 44
70 13 59
41 63 83
45 45 22
80 47 6
53 53 81
27 82 67
21 82 50
37 2 75
39 31 99
24 54 11
34 82 94
44 26 14
8 28 36
76 60 59
80 16 99
6 76 8
71 17 80
24 56 12
49 60 20
55 18 92
82 71 3
47 83 54
79 54 38
80 5 58
85 6 88
80 43 11
62 48 86
44 59 1
35 16 27
52 2 85
65 64 92
39 47 13
42 60 72
80 21 70
39 85 84
57 16 31
39 27 70
39 51 79
20 26 66
83 6 79
46 25 61
51 10 50
16 80 17
5 27 51
47 37 52
37 65 90
72 72 55
5 6 97
43 37 66
23 41 60
24 84 64
85 21 19
12 80 15
19 83 95
56 7 24
85 45 13
10 15 97
18 0 30
55 36 91
84 78 64
76 4 91
58 36 15
75 64 50
28 16 46
0 62 14
83 81 65
68 67 97
48 46 10
0 45 18
25 47 35
78 9 45
75 80 89
57 1 18
32 68 46
79 74 70
11 15 37
11 14 1
24 3 93
32 8 38
71 72 99
56 45 52
42 0 18
53 8 33
48 69 89
47 61 50
28 17 86
49 53 93
32 76 74
82 41 4
83 24 47
41 26 11
75 80 21
46 83 8
4 26 59
67 31 15
36 25 78
3 41 80
59 8 3
84 52 76
27 78 99
25 2 68
44 40 72
36 68 99
79 37 81
427 33 21
3 31 99
39 21 67
43 19 8
12 17 3
40 9 57
6 0 18
41 5 88
27 9 54
11 44 100
2 20 49
25 21 65
23 3 65
11 16 72
21 29 84
39 17 41
29 28 35
32 5 73
42 10 27
24 38 44
3 22 48
11 18 75
0 1 28
28 29 46
33 37 43
2 31 34
22 7 95
2 14 38
18 31 16
35 41 75
16 41 10
30 22 16
6 26 96
37 23 56
1 14 98
1 25 83
30 19 55
30 11 96
35 35 92
27 33 91
7 32 94
44 4 55
41 9 58
14 11 35
28 27 98
5 26 81
15 15 63
29 18 19
24 1 91
41 20 26
44 23 95
17 44 14
38 19 73
6 22 44
27 15 83
15 11 15
17 20 94
19 33 51
5 17 87
38 12 72
8 4 7
5 7 1
31 0 18
43 11 99
16 38 82
9 12 83
18 40 74
41 9 70
5 5 48
43 13 79
11 17 40
13 32 7
25 37 24
22 12 40
20 36 57
27 21 72
21 22 30
5 3 57
29 9 23
7 21 33
44 7 42
10 23 34
33 18 87
12 43 97
35 27 67
34 25 15
40 2 98
27 0 28
32 1 99
20 13 65
14 39 47
16 42 81
19 28 7
10 0 8
35 42 33
38 44 31
17 19 86
21 35 36
33 25 32
4 28 49
17 38 76
11 6 70
6 38 8
23 17 84
22 35 27
35 16 24
18 15 47
9 44 46
9 34 37
21 38 78
15 35 44
8 8 99
17 1 53
26 42 1
0 15 6
15 24 27
12 35 70
35 43 6
44 39 2
16 42 93
6 42 28
0 32 71
3 18 57
42 3 88
0 0 38
19 30 66
14 30 31
9 18 70
37 8 20
37 24 96
10 19 61
26 21 22
12 1 82
12 5 37
10 2 96
18 30 95
8 20 70
4 8 8
40 36 95
43 10 68
43 43 43
15 30 84
7 2 11
36 31 86
42 32 24
26 20 1
39 19 21
30 30 24
42 39 21
40 38 64
13 17 92
42 7 18
29 3 21
4 1 48
32 21 26
39 8 61
5 19 95
41 25 83
9 9 41
1 31 43
21 34 87
44 2 7
17 21 36
18 9 34
15 25 82
17 29 69
30 32 44
38 7 29
0 6 100
37 28 48
31 40 31
0 6 94
43 3 43
0 28 71
18 25 5
4 10 21
34 9 66
28 33 93
17 10 81
38 27 78
30 30 92
9 44 48
17 23 36
32 1 89
19 34 33
25 39 86
21 39 86
33 26 62
20 34 61
19 41 36
5 30 60
35 21 15
11 4 35
32 25 4
4 34 61
36 10 6
38 3 62
33 15 58
9 15 100
17 29 95
12 42 2
41 5 60
35 1 82
12 38 86
10 31 29
37 1 71
36 15 18
24 35 76
3 1 56
44 43 32
14 15 81
37 12 12
41 28 41
33 20 31
37 28 66
38 25 55
8 12 23
42 12 27
6 9 27
44 44 50
25 40 74
9 5 64
1 17 12
32 9 33
24 15 45
6 31 80
25 21 27
12 9 64
42 34 46
20 37 98
19 15 64
30 4 51
35 29 70
20 18 39
13 11 85
20 40 82
27 44 8
20 22 50
16 42 75
1 35 9
23 43 44
9 31 92
41 2 20
15 10 84
29 35 42
19 6 40
6 8 69
11 40 67
33 40 93
17 18 14
14 0 36
17 18 31
31 6 84
14 42 70
14 21 99
26 9 80
20 19 51
22 5 55
5 34 24
19 13 99
8 9 17
17 40 63
20 44 34
1 17 4
7 16 95
36 31 15
2 2 44
1 12 50
44 19 99
5 37 64
2 12 66
30 30 29
40 2 31
12 43 68
38 1 68
13 28 35
10 15 17
19 38 54
21 29 20
3 37 3
3 5 6
23 28 85
0 41 89
30 31 29
26 14 46
25 17 70
42 0 50
0 19 2
31 14 84
26 8 42
22 10 73
13 15 43
33 23 28
1 35 84
31 7 58
11 13 56
27 7 21
17 29 5
39 11 63
3 17 9
9 33 73
14 11 38
38 24 35
0 6 82
25 23 38
27 5 12
4 37 13
32 33 49
37 27 49
12 7 72
4 24 14
42 17 49
15 37 20
1 19 85
26 10 17
43 32 55
34 23 46
43 7 69
41 18 1
32 44 77
13 25 3
43 41 67
30 11 52
36 7 10
16 41 78
24 44 27
2 19 62
25 34 9
23 18 20
36 8 61
7 34 39
10 34 99
15 9 13
41 2 61
26 40 64
23 11 23
33 40 57
5 36 50
40 22 34
19 29 99
40 20 20
30 39 94
23 38 100
19 17 21
43 16 11
39 35 61
11 7 55
28 31 75
39 24 75
20 3 19
20 36 99
21 39 53
12 14 19
0 25 92
21 30 34
24 3 25
36 14 99
22 4 2
42 15 68
11 1 75
38 34 43
38 30 3
9 7 10
35 22 81
35 23 42
35 4 38
34 5 59
5 12 60
33 29 81
7 11 96
18 17 77
37 33 3
28 24 8
0 23 30
3 3 6
27 8 43
28 30 25
36 27 16
8 4 88
10 11 75
20 21 14
0 4 80
30 9 66
10 15 84
8 20 35
28 0 93
0 10 68
26 10 51
38 20 1
36 23 65
12 44 81
43 34 15
13 25 48
36 28 15
7 19 69
7 19 84
29 32 90
37 1 34
44 20 31
34 37 63
36 34 20
43 20 19
9 27 17
10 29 48
6 11 98
30 23 21
20 40 7
43 30 93
20 18 67
5 42 62
12 9 89
12 5 95
31 32 76
22 18 40
13 4 14
18 16 8
31 29 59
5 15 27
41 42 24
28 18 18
20 38 67
28 42 4
10 30 77
32 37 10
42 17 40
22 36 19
42 13 52
4 42 25
462 125 135
175 163 48
76 103 59
134 124 26
194 173 90
64 107 37
68 150 35
54 194 38
48 74 33
147 194 15
113 71 82
179 130 45
153 133 61
23 69 23
71 6 82
51 192 10
93 4 52
31 174 4
10 162 67
145 147 87
117 68 5
120 95 3
212 99 78
117 12 50
195 40 26
155 156 44
76 91 64
41 134 58
109 211 41
148 10 49
6 66 68
83 56 85
25 113 91
51 23 47
186 82 72
103 28 86
205 144 76
106 164 95
38 36 46
78 166 47
212 68 38
177 93 2
38 88 9
84 84 93
162 46 5
46 127 95
12 205 13
91 163 69
92 175 58
189 25 18
59 50 99
134 86 49
211 48 69
47 174 39
138 77 54
207 152 80
165 108 84
6 181 90
78 50 76
219 147 48
5 13 2
127 17 63
118 147 90
22 186 20
10 44 31
116 24 37
78 123 88
177 218 4
40 127 60
24 179 40
115 6 25
79 50 68
115 175 94
55 138 36
148 0 12
113 159 12
173 95 64
122 198 71
88 163 29
194 149 8
80 21 52
196 194 52
206 123 59
177 131 13
125 155 97
15 171 100
178 130 64
86 22 39
215 5 71
18 96 49
196 35 19
95 201 66
12 135 56
56 63 67
64 44 72
9 101 51
206 210 67
12 78 22
220 126 95
135 136 41
159 97 9
20 88 33
171 123 78
197 210 49
155 188 88
34 129 63
213 187 73
66 19 39
43 35 13
42 190 22
175 21 26
114 200 65
93 128 20
126 19 89
130 62 59
172 2 37
101 115 63
95 6 3
195 169 72
22 45 43
201 29 34
213 101 27
28 57 80
22 61 54
122 137 20
147 139 43
165 140 39
180 58 36
204 21 6
150 198 100
34 107 21
92 16 52
49 152 59
7 85 5
116 33 41
58 155 78
141 187 71
206 198 18
23 9 44
219 7 3
176 54 23
1 52 2
25 164 21
140 2 30
178 202 84
131 208 12
147 26 98
193 158 80
25 75 24
23 31 88
195 168 5
118 25 49
168 61 75
57 217 84
100 7 28
139 126 3
98 73 49
131 144 25
183 179 67
68 75 49
136 4 62
4 8 62
78 199 36
67 25 70
7 146 80
36 44 11
30 26 96
145 214 21
11 141 15
41 65 68
67 51 8
14 143 78
111 37 43
65 158 20
106 19 23
75 27 85
56 32 59
81 139 28
66 148 85
5 206 48
15 132 21
137 65 23
216 220 90
114 74 40
78 87 86
64 121 93
117 19 80
200 153 90
103 136 55
220 2 10
216 51 57
104 13 86
93 29 59
159 131 3
191 19 68
214 41 71
196 0 1
26 41 38
104 12 80
202 72 5
138 12 33
184 98 76
45 148 7
17 189 31
175 134 33
77 131 75
49 143 34
157 133 30
127 152 93
37 153 39
102 73 18
1 106 16
27 93 62
191 6 74
177 192 9
144 70 73
66 81 91
133 6 9
191 178 22
48 11 19
140 20 4
208 59 7
208 105 34
138 178 37
40 95 82
159 207 76
83 34 92
209 86 57
152 175 67
125 8 8
113 217 47
128 164 61
213 150 51
198 131 46
181 75 16
168 65 60
156 7 28
186 131 61
5 144 93
149 208 56
216 165 47
26 177 77
103 195 88
31 113 97
131 166 31
127 53 28
16 153 83
183 185 86
73 13 6
36 183 7
10 171 82
172 28 79
172 172 79
14 21 17
35 162 40
145 178 53
100 44 70
199 29 90
52 179 38
190 61 56
83 116 98
133 100 13
4 57 33
143 207 60
18 40 24
69 159 31
21 164 96
219 105 84
198 178 29
195 88 13
180 26 65
55 1 28
193 19 46
139 13 65
137 216 29
72 27 79
157 165 95
82 45 39
154 175 29
220 28 95
208 168 3
138 79 100
27 123 84
217 204 86
142 22 74
117 113 86
134 147 85
158 13 11
215 73 68
103 110 98
200 106 62
57 106 72
179 38 43
53 85 84
168 7 53
214 29 86
145 194 63
108 202 6
65 137 71
159 18 73
36 70 47
41 163 94
191 204 82
28 127 95
196 163 6
175 114 43
99 201 58
47 217 22
185 131 98
38 75 15
5 198 23
197 49 72
150 82 44
22 150 56
134 217 62
183 189 39
45 147 38
171 142 89
99 127 8
95 129 57
9 13 19
50 189 18
40 34 34
41 33 96
174 28 71
148 195 26
46 55 54
84 36 97
156 45 72
215 107 33
182 217 85
176 97 10
96 202 36
55 202 28
156 12 52
209 45 27
26 20 89
83 47 85
211 5 87
1 139 79
48 127 29
46 18 80
127 108 35
76 169 34
116 210 48
31 167 97
159 41 91
202 31 68
145 97 68
124 116 14
153 63 83
33 153 80
35 129 75
53 37 66
136 165 8
7 108 79
38 181 8
129 71 23
76 142 13
94 172 8
124 197 50
182 80 21
86 77 4
72 43 5
100 30 3
5 169 65
31 195 12
123 177 1
141 165 72
206 77 12
146 176 77
194 100 12
99 77 50
46 72 47
176 117 17
28 149 99
217 108 82
98 109 88
159 58 4
57 22 62
209 153 1
182 45 68
203 42 78
140 128 18
7 13 72
5 196 51
183 123 91
166 200 36
14 134 65
181 220 16
52 67 51
135 73 43
63 135 21
95 79 21
1 98 50
4 59 50
35 165 9
118 4 96
40 101 17
177 52 97
27 61 17
151 37 1
64 154 20
182 8 5
177 111 67
173 148 95
74 15 41
158 21 29
215 99 9
29 118 77
163 162 49
87 83 23
206 91 51
215 199 26
59 90 61
139 111 2
111 84 92
213 196 79
209 195 24
135 127 72
51 124 3
116 181 77
132 104 6
142 210 36
20 100 81
152 133 69
152 149 88
131 108 56
141 152 51
118 89 16
54 124 100
95 115 5
10 94 74
172 67 33
30 166 58
138 205 5
157 180 33
111 174 40
96 97 43
182 98 37
69 57 83
41 74 26
77 18 41
71 72 43
155 160 68
177 170 33
115 176 33
99 126 81
49 152 28
142 14 32
197 146 92
94 105 98
69 47 88
36 90 12
52 25 69
174 195 24
11 80 84
145 201 50
203 111 42
165 127 32
189 55 6
47 206 87
9 170 37
415 52 39
72 24 48
34 32 15
80 96 60
36 3 26
81 14 3
82 85 98
111 96 80
108 6 93
108 5 60
26 54 50
62 62 46
76 51 73
4 14 22
14 93 37
81 101 89
47 13 62
97 44 97
107 105 31
41 25 5
7 16 56
34 75 60
105 1 54
103 19 94
19 52 56
42 20 62
60 95 37
5 29 43
43 98 66
3 42 81
74 42 98
113 14 45
57 2 37
82 59 84
57 106 55
20 2 26
66 59 31
63 70 83
49 66 65
31 7 89
83 19 19
103 23 45
88 46 55
91 105 16
23 95 8
97 20 83
30 62 9
70 15 57
26 103 38
34 30 31
41 76 72
101 53 5
32 96 35
39 58 15
13 109 27
110 89 59
48 94 9
62 48 71
77 11 76
24 60 11
23 4 41
2 76 80
97 20 24
81 18 54
87 27 44
10 59 73
0 6 37
29 14 63
81 91 40
57 22 97
60 51 2
82 92 6
31 17 94
63 67 89
98 4 87
31 79 77
5 47 70
77 86 51
24 23 86
113 21 23
99 28 35
61 55 19
71 41 31
8 24 85
72 41 99
4 59 73
67 75 55
9 42 29
63 17 74
23 72 49
52 22 99
3 5 98
32 87 16
83 26 30
60 31 36
13 45 93
69 34 59
58 83 59
68 104 2
65 48 99
25 9 92
94 98 99
44 1 28
87 7 84
17 100 1
35 36 25
83 64 60
25 52 87
35 51 75
54 65 45
5 35 68
57 88 13
8 44 89
61 34 74
32 51 38
87 34 32
53 17 84
97 84 83
91 67 92
18 112 19
29 20 32
16 15 24
2 71 82
76 43 61
87 91 90
61 90 65
28 37 62
18 51 47
113 94 25
81 80 68
21 68 78
52 41 40
75 79 46
19 46 72
87 37 18
20 51 39
32 13 89
100 34 26
80 109 38
100 110 82
14 80 52
66 78 46
8 47 73
58 74 46
58 54 80
95 25 52
44 35 78
4 55 73
29 70 94
81 25 50
99 100 75
49 0 46
59 14 24
67 94 44
65 103 5
22 63 8
19 12 80
56 86 86
45 25 72
106 85 76
106 101 92
112 89 90
109 47 2
99 43 97
52 23 3
109 12 39
53 97 97
20 37 4
64 47 82
15 49 95
25 13 70
10 13 69
88 94 51
79 42 23
78 58 41
16 50 53
83 31 36
25 97 25
110 31 36
89 113 94
77 44 60
76 7 73
76 35 79
106 35 11
100 91 71
23 87 52
90 105 42
3 37 20
42 97 14
47 49 70
48 21 64
12 54 28
21 48 14
68 60 91
19 3 54
65 65 13
95 83 57
95 40 43
80 94 88
81 109 49
5 31 67
31 111 78
26 98 12
20 42 87
17 32 44
17 94 1
75 56 53
46 10 98
28 82 59
76 16 49
26 22 75
28 101 39
75 67 92
36 109 98
95 50 53
68 38 69
41 4 71
95 53 76
0 22 78
111 43 25
46 108 10
51 17 65
31 100 44
28 97 1
3 112 50
16 73 22
58 105 24
51 18 8
40 33 35
17 110 93
96 98 19
109 29 79
40 56 33
22 60 3
110 81 15
31 80 79
75 73 81
13 100 18
106 46 74
18 66 6
96 76 52
90 71 92
1 72 42
13 27 94
33 107 7
74 2 96
34 110 17
59 71 36
50 8 29
113 32 20
0 7 79
33 105 71
86 20 34
72 38 17
89 39 4
106 56 22
99 62 25
36 94 18
0 112 34
41 64 72
90 19 34
16 30 29
75 89 22
0 64 18
31 62 46
64 26 23
0 4 14
78 66 17
73 10 14
9 37 93
77 79 86
9 106 56
5 84 66
95 60 92
18 103 91
74 9 71
7 6 17
107 42 69
4 81 3
17 90 62
34 17 63
57 35 8
97 57 69
20 34 95
34 51 58
32 48 79
5 17 12
5 37 1
94 51 72
41 13 17
73 67 59
83 109 44
25 54 37
66 16 30
24 41 68
69 8 70
26 40 47
0 35 5
1 61 88
69 90 3
77 2 48
26 48 30
2 59 83
58 71 74
99 5 10
97 79 35
100 48 96
62 52 28
46 65 24
46 85 5
94 62 34
97 23 91
51 103 92
31 53 58
61 53 97
80 6 22
72 78 78
37 72 94
40 55 80
113 86 71
73 36 91
31 3 99
84 4 67
8 30 52
78 61 52
79 84 79
38 78 17
25 29 27
75 85 26
67 107 60
2 27 25
50 50 35
4 80 18
88 77 79
9 83 3
113 16 99
102 53 31
41 43 91
110 75 16
88 54 23
15 93 31
28 40 48
48 57 5
102 31 80
3 56 82
71 105 87
22 44 68
70 51 91
105 85 37
112 32 24
54 91 73
5 16 44
30 1 83
63 72 41
59 55 35
53 21 84
41 24 20
93 47 56
30 83 99
64 43 44
76 14 66
89 12 4
32 17 72
52 16 7
12 109 32
58 7 3
110 46 76
24 84 51
82 95 68
24 87 32
32 4 93
83 37 40
65 92 54
17 66 27
41 19 50
112 4 87
9 35 61
35 48 44
9 29 7
95 80 74
27 100 7
38 26 27
42 13 47
42 98 11
10 88 57
61 11 9
84 94 38
11 75 88
89 86 55
46 6 22
74 48 5
71 101 78
70 71 93
53 72 37
102 15 16
43 4 73
70 74 65
14 62 82
103 12 99
49 19 11
73 16 25
109 31 65
56 88 50
31 27 40
44 41 16
95 63 49
57 51 29
19 27 7
35 95 43
109 22 20
67 66 96
24 65 68
55 64 65
66 25 77
93 51 80
19 26 33
396 86 101
131 129 69
13 93 25
72 157 68
73 147 73
95 120 90
108 92 74
35 22 56
147 14 21
143 25 83
12 75 63
34 16 92
154 24 73
1 89 80
57 140 4
104 160 94
138 74 4
61 98 90
17 89 57
159 45 65
34 98 14
68 67 64
115 31 61
107 158 14
93 160 32
72 159 37
56 82 39
149 142 62
128 12 86
76 155 81
56 18 95
119 122 85
32 51 37
81 41 92
65 15 43
35 76 12
17 48 100
65 133 25
52 160 38
114 94 30
61 67 34
146 18 32
19 146 41
146 89 59
66 103 78
129 7 19
77 2 42
20 148 95
54 56 35
154 169 7
98 97 89
33 65 6
166 115 85
14 152 78
113 17 53
145 140 27
58 107 59
51 141 14
67 34 74
84 131 19
117 17 26
90 80 3
69 161 98
93 39 35
151 44 94
133 135 54
146 73 39
10 150 57
27 79 6
91 140 80
38 58 24
116 91 55
142 49 39
103 24 80
156 164 29
99 117 20
36 19 19
67 140 22
129 49 47
77 97 1
6 113 45
143 51 41
159 74 59
103 89 50
104 30 93
91 52 27
0 60 39
136 166 27
131 123 95
59 48 1
96 145 34
121 80 17
44 86 93
37 39 6
66 123 55
32 141 45
85 167 64
37 148 35
68 76 52
104 132 50
85 57 24
107 38 47
53 165 35
25 141 63
41 49 17
102 81 22
29 101 5
61 150 5
145 45 67
79 38 23
91 11 3
11 69 55
11 168 89
141 156 18
57 148 62
36 151 40
116 70 43
47 109 91
61 128 67
90 93 62
147 83 97
167 98 37
99 98 79
140 10 79
57 39 40
45 112 33
62 72 94
11 145 86
158 83 97
148 70 62
44 92 44
136 22 3
76 74 58
61 85 11
150 56 88
9 118 98
88 14 16
134 27 46
125 85 4
6 143 21
155 121 4
54 28 65
68 2 7
11 73 22
25 75 50
73 34 82
41 19 64
107 52 68
17 134 14
81 94 54
94 65 78
64 56 43
74 53 60
152 64 95
145 132 58
96 8 43
59 158 12
159 120 28
153 164 39
24 103 84
148 43 97
160 134 3
103 146 51
121 64 8
68 143 93
108 74 82
35 3 14
86 54 24
96 117 94
14 168 37
38 35 56
8 121 47
145 127 19
28 43 98
13 7 38
31 107 84
166 131 16
130 3 55
124 29 44
39 82 70
143 96 16
55 18 19
73 23 12
163 132 30
43 85 93
94 27 76
56 25 94
27 92 45
33 7 22
50 140 63
158 145 50
39 51 5
160 151 86
121 161 93
50 151 14
10 98 34
29 93 59
50 106 16
100 116 19
89 50 11
133 43 87
143 40 93
147 162 70
110 5 27
62 5 69
83 64 80
45 153 53
131 45 93
79 16 96
113 145 87
57 123 76
74 15 30
98 107 5
23 158 78
33 29 95
106 88 82
142 136 100
155 62 35
151 112 58
153 19 51
39 128 57
168 77 100
29 7 58
52 7 57
47 1 76
146 115 79
150 141 27
62 53 87
156 17 30
12 82 71
20 87 72
84 115 43
22 26 72
88 52 84
15 35 71
7 28 77
154 27 46
89 63 48
115 59 58
12 122 31
33 121 2
160 154 88
111 79 84
104 146 67
137 128 51
61 4 89
9 20 48
121 166 97
11 28 77
140 85 37
166 48 91
139 62 7
33 163 24
57 1 1
89 26 72
82 126 62
169 99 25
81 145 24
29 88 2
66 92 10
29 3 96
102 63 30
78 48 49
129 16 82
137 144 7
82 123 97
37 73 43
42 78 25
83 24 79
147 156 7
98 151 69
89 131 42
89 99 95
120 150 15
83 0 7
157 115 21
167 12 48
121 7 26
73 15 66
117 149 25
69 23 51
20 0 49
49 153 48
9 115 47
27 30 47
48 73 19
34 114 30
48 1 90
168 115 39
125 83 55
126 140 20
77 115 62
111 47 10
96 25 67
86 115 82
125 138 82
11 19 42
66 164 11
90 57 34
62 145 55
58 0 78
5 56 26
107 91 1
51 1 31
140 70 60
117 165 85
6 24 37
168 150 22
71 77 22
96 135 33
70 55 26
77 78 16
95 0 79
64 139 71
95 68 2
98 64 4
85 21 8
44 82 55
83 98 55
123 144 75
109 101 97
109 142 77
20 107 48
11 97 49
45 118 26
169 27 78
128 154 26
115 147 53
99 156 61
126 148 89
46 125 77
68 36 16
57 161 74
40 131 26
130 43 48
75 140 67
166 77 6
66 152 71
134 114 48
129 159 55
19 160 99
118 7 23
8 163 18
62 142 3
135 45 59
110 26 18
0 125 33
82 4 25
165 28 72
90 7 35
130 123 90
137 144 31
81 98 100
155 80 16
137 89 95
120 39 53
105 100 24
150 57 65
79 56 44
136 124 65
98 90 88
139 159 20
166 156 92
23 108 41
118 90 87
105 79 65
157 52 2
158 148 84
104 69 78
81 148 34
99 150 50
111 131 62
102 117 71
36 129 22
8 54 13
154 23 92
74 99 72
148 117 88
58 162 93
131 55 91
59 149 55
40 85 45
126 166 34
132 122 40
133 67 81
73 142 52
12 49 26
168 26 76
26 87 84
108 7 32
98 7 27
74 2 25
33 127 18
104 147 61
18 67 69
139 64 3
12 160 49
381 7 27
5 27 80
27 15 76
0 23 34
17 0 1
22 18 3
9 12 98
16 25 27
7 10 85
17 19 88
13 16 14
5 28 50
19 24 52
20 13 100
24 22 58
26 18 21
27 28 86
1 24 32
25 11 64
4 20 57
7 26 57
4 1 23
18 3 99
19 12 69
14 7 32
6 8 38
15 15 98
11 15 95
21 18 69
9 14 33
20 13 27
7 0 93
5 22 37
7 24 52
12 21 78
24 19 54
21 10 34
21 1 9
23 23 71
13 17 7
9 10 39
2 0 49
5 5 52
24 13 98
4 26 64
14 14 1
6 13 38
19 12 92
1 2 75
5 0 41
19 20 92
2 7 100
23 26 53
16 7 69
13 17 10
4 21 42
16 5 3
5 5 40
8 7 56
1 7 51
5 11 91
25 2 61
9 12 40
12 14 92
18 3 7
7 16 6
5 17 27
26 3 9
10 9 20
0 11 95
7 15 85
24 25 75
27 22 60
14 0 65
5 22 97
18 18 71
12 10 65
27 25 85
12 8 7
27 4 61
9 3 79
11 5 2
18 10 71
22 2 72
7 22 70
4 27 71
1 15 69
5 13 24
17 9 93
2 19 21
3 2 65
18 11 83
25 16 82
25 8 49
14 24 60
9 13 51
10 1 21
0 8 59
10 19 2
18 3 18
7 28 74
6 7 59
17 24 62
25 6 80
21 17 44
3 3 9
14 18 28
18 11 38
23 2 66
18 26 4
25 10 32
22 15 9
28 5 62
27 18 4
13 25 15
19 28 50
5 19 49
14 15 88
11 18 44
4 25 28
11 6 51
26 28 89
24 12 83
5 14 71
13 8 30
24 13 61
5 9 39
4 25 29
6 21 40
2 10 58
9 22 22
7 19 66
5 20 10
15 9 1
8 12 89
9 11 55
27 8 20
25 25 43
12 24 100
14 16 4
15 16 13
15 7 88
10 12 12
19 6 14
5 6 28
13 13 66
0 17 23
1 22 18
14 1 48
14 28 24
13 25 33
19 20 20
6 7 55
22 23 1
7 6 67
10 16 60
24 21 42
13 27 14
11 26 33
0 27 37
3 1 1
20 17 76
26 20 44
6 28 4
26 4 8
19 13 15
6 11 28
22 13 61
24 16 34
19 16 48
16 20 55
5 7 36
3 21 42
2 14 90
6 20 54
11 28 23
2 21 92
10 12 7
17 3 86
9 0 70
19 11 32
1 9 7
19 16 11
27 0 36
24 15 91
6 1 65
19 19 63
1 18 48
1 22 75
20 27 10
0 14 81
6 20 68
1 25 67
8 27 92
4 27 57
7 23 54
0 25 99
9 3 78
23 9 7
18 21 32
28 22 100
11 1 92
25 19 73
24 20 100
3 19 90
1 1 4
11 3 63
0 14 47
26 22 92
20 14 6
19 13 38
14 11 58
16 21 39
5 18 50
17 17 85
2 21 44
13 27 21
27 13 11
16 19 70
0 0 11
24 6 24
25 7 74
17 15 3
13 9 3
21 24 21
12 12 72
18 28 65
19 7 91
21 8 76
24 15 65
0 27 28
0 26 55
28 14 45
25 25 6
16 9 50
10 20 86
8 7 81
9 15 25
8 15 96
8 11 77
13 5 56
25 11 57
17 12 88
1 24 92
3 19 50
17 6 64
15 26 19
0 1 55
7 9 5
14 13 26
7 26 3
6 24 6
14 5 97
12 28 72
27 11 40
1 14 79
19 12 32
13 18 17
24 27 59
2 26 86
26 16 98
18 20 18
9 0 48
28 14 43
18 27 2
6 21 98
24 10 96
9 13 95
8 11 36
20 15 31
28 14 94
8 23 98
1 23 8
8 24 97
26 3 86
18 2 72
13 10 63
24 19 12
6 21 78
22 22 4
22 15 46
12 20 19
9 5 80
14 19 39
13 3 52
9 20 37
0 28 33
22 15 63
19 20 69
26 4 27
27 24 11
8 20 60
28 13 52
16 2 80
3 27 66
11 26 36
24 14 55
18 28 51
26 0 42
27 25 30
6 4 19
2 8 53
2 15 41
8 19 21
11 19 51
27 21 99
11 23 88
5 28 83
8 8 27
11 19 30
21 16 12
24 10 12
10 28 25
23 10 48
18 2 45
14 26 52
19 21 21
9 13 93
19 23 7
21 19 89
28 28 100
27 14 52
28 12 57
26 4 18
15 6 68
11 18 17
3 7 96
13 10 39
16 12 77
7 26 32
19 27 91
24 10 38
21 12 65
15 9 92
27 6 66
8 2 73
24 27 14
14 20 41
24 23 24
26 24 39
27 25 90
0 28 48
9 27 7
10 13 64
9 26 23
16 0 85
14 8 40
28 22 75
19 16 68
22 9 28
21 28 24
17 18 59
2 10 7
2 5 75
12 22 66
13 16 8
11 27 71
12 7 18
27 26 3
4 8 6
4 15 80
1 11 3
28 12 57
8 11 93
25 10 100
22 27 91
6 17 73
2 15 23
8 8 92
19 3 2
25 4 79
13 25 64
9 16 93
20 1 96
25 14 6
7 9 5
5 19 93
4 3 51
23 3 31
24 2 3
5 21 27
8 27 59
